Construct the Hamiltonian operator...
Create basis...
l= 1
New partition occupations:
nImp,nVal,nCon = 6,0,0
l= 2
New partition occupations:
nImp,nVal,nCon = 8,10,0
New partition occupations:
nImp,nVal,nCon = 9,9,0
New partition occupations:
nImp,nVal,nCon = 10,8,0
#basis states = 190
Create Hamiltonian matrix...
Filling the Hamiltonian...
10% done
20% done
30% done
40% done
50% done
60% done
70% done
80% done
90% done
<#Hamiltonian elements/column> = 5
Diagonalize the Hamiltonian...
190 eigenstates found!
<E-E0> = 0.000
<N(3d)> = 8.087
<N(egDn)> = 1.056
<N(egUp)> = 1.055
<N(t2gDn)> = 2.988
<N(t2gUp)> = 2.988
<Lz(3d)> = -0.000
<Sz(3d)> = -0.000
<L^2(3d)> = 11.476
<S^2(3d)> = 1.889
E0 = -728.20
  i  E-E0  N(3d) N(egDn) N(egUp) N(t2gDn) N(t2gUp) Lz(3d) Sz(3d) L^2(3d) S^2(3d) L^2(3d+B) S^2(3d+B)
  0  0.000  8.09  1.997   0.114    2.990   2.986   -0.42  -0.94   11.48    1.89    12.00     2.00
  1  0.000  8.09  1.055   1.055    2.988   2.988   -0.00  -0.00   11.48    1.89    12.00     2.00
  2  0.000  8.09  0.114   1.997    2.986   2.990    0.42   0.94   11.48    1.89    12.00     2.00
  3  0.772  8.06  1.532   1.531    2.500   2.500   -0.00  -0.00   11.61    1.91    11.99     1.98
  4  0.772  8.06  1.532   1.532    2.500   2.500    0.00  -0.00   11.61    1.91    11.99     1.98
  5  0.798  8.06  1.763   1.299    2.727   2.275    0.04  -0.46   11.62    1.92    12.00     2.00
  6  0.798  8.06  1.530   1.531    2.501   2.501    0.00   0.00   11.62    1.92    12.00     2.00
  7  0.798  8.06  1.299   1.763    2.275   2.727   -0.04   0.46   11.62    1.92    12.00     2.00
  8  0.863  8.06  1.747   1.290    2.761   2.267   -0.09  -0.48   11.59    1.91    11.98     1.99
  9  0.863  8.06  1.519   1.518    2.514   2.514    0.00  -0.00   11.59    1.91    11.98     1.99
 10  0.863  8.06  1.290   1.747    2.267   2.761    0.09   0.48   11.59    1.91    11.98     1.99
 11  0.885  8.06  1.522   1.523    2.509   2.510   -0.00   0.00   11.61    1.92    12.00     2.00
 12  1.275  8.05  1.813   1.813    2.213   2.212   -0.00  -0.00   11.35    1.93    11.60     1.99
 13  1.358  8.05  1.873   1.727    2.614   1.837    0.95  -0.46   11.27    1.93    11.53     2.00
 14  1.358  8.05  1.800   1.800    2.225   2.226    0.00   0.00   11.27    1.93    11.53     2.00
 15  1.358  8.05  1.727   1.873    1.837   2.614   -0.95   0.46   11.27    1.93    11.53     2.00
 16  1.455  8.06  1.697   1.696    2.335   2.334    0.00  -0.00   10.55    1.71    10.81     1.76
 17  1.455  8.06  1.696   1.696    2.335   2.335    0.00   0.00   10.55    1.71    10.81     1.76
 18  1.482  8.05  1.889   1.686    2.606   1.873    0.39  -0.47   11.10    1.93    11.35     1.99
 19  1.482  8.05  1.787   1.787    2.239   2.240   -0.00   0.00   11.10    1.93    11.35     1.99
 20  1.482  8.05  1.686   1.889    1.873   2.606   -0.39   0.47   11.10    1.93    11.35     1.99
 21  1.827  8.12  1.196   1.196    2.864   2.864   -0.00   0.00    9.37    0.34     9.94     0.27
 22  1.827  8.12  1.196   1.196    2.864   2.864   -0.00   0.00    9.37    0.34     9.94     0.27
 23  2.532  8.09  1.621   1.603    2.519   2.345   -0.51  -0.10    6.51    0.44     6.67     0.41
 24  2.532  8.09  1.612   1.612    2.432   2.432   -0.00  -0.00    6.51    0.44     6.67     0.41
 25  2.532  8.09  1.603   1.621    2.345   2.519    0.51   0.10    6.51    0.44     6.67     0.41
 26  2.787  8.15  1.281   1.281    2.793   2.793    0.00  -0.00   16.35    0.21    17.83     0.11
 27  2.824  8.08  1.734   1.734    2.306   2.306   -0.00  -0.00    3.08    1.89     2.84     1.98
 28  2.824  8.08  1.734   1.734    2.306   2.306    0.00  -0.00    3.08    1.89     2.84     1.98
 29  2.885  8.08  1.804   1.619    2.621   2.039   -0.37  -0.38    4.19    1.53     4.07     1.60
Create XAS spectra...
#polarization = 3
#relevant eigenstates = 3
#mesh points = 3000
Save spectra to disk...

Create 3d inverse photoemission and photoemission spectra...
