# E  sum  T1  T2  T3 ...
-10.0000   0.0245   0.0082   0.0082   0.0082
 -9.9750   0.0248   0.0083   0.0083   0.0083
 -9.9499   0.0251   0.0084   0.0084   0.0084
 -9.9249   0.0254   0.0085   0.0085   0.0085
 -9.8999   0.0257   0.0086   0.0086   0.0086
 -9.8749   0.0260   0.0087   0.0087   0.0087
 -9.8498   0.0264   0.0088   0.0088   0.0088
 -9.8248   0.0267   0.0089   0.0089   0.0089
 -9.7998   0.0270   0.0090   0.0090   0.0090
 -9.7748   0.0273   0.0091   0.0091   0.0091
 -9.7497   0.0277   0.0092   0.0092   0.0092
 -9.7247   0.0280   0.0093   0.0093   0.0093
 -9.6997   0.0284   0.0095   0.0095   0.0095
 -9.6747   0.0288   0.0096   0.0096   0.0096
 -9.6496   0.0291   0.0097   0.0097   0.0097
 -9.6246   0.0295   0.0098   0.0098   0.0098
 -9.5996   0.0299   0.0100   0.0100   0.0100
 -9.5746   0.0303   0.0101   0.0101   0.0101
 -9.5495   0.0307   0.0102   0.0102   0.0102
 -9.5245   0.0311   0.0104   0.0104   0.0104
 -9.4995   0.0315   0.0105   0.0105   0.0105
 -9.4745   0.0320   0.0107   0.0107   0.0107
 -9.4494   0.0324   0.0108   0.0108   0.0108
 -9.4244   0.0328   0.0109   0.0109   0.0109
 -9.3994   0.0333   0.0111   0.0111   0.0111
 -9.3744   0.0338   0.0113   0.0113   0.0113
 -9.3493   0.0342   0.0114   0.0114   0.0114
 -9.3243   0.0347   0.0116   0.0116   0.0116
 -9.2993   0.0352   0.0117   0.0117   0.0117
 -9.2743   0.0357   0.0119   0.0119   0.0119
 -9.2492   0.0363   0.0121   0.0121   0.0121
 -9.2242   0.0368   0.0123   0.0123   0.0123
 -9.1992   0.0373   0.0124   0.0124   0.0124
 -9.1742   0.0379   0.0126   0.0126   0.0126
 -9.1491   0.0385   0.0128   0.0128   0.0128
 -9.1241   0.0390   0.0130   0.0130   0.0130
 -9.0991   0.0396   0.0132   0.0132   0.0132
 -9.0741   0.0402   0.0134   0.0134   0.0134
 -9.0490   0.0409   0.0136   0.0136   0.0136
 -9.0240   0.0415   0.0138   0.0138   0.0138
 -8.9990   0.0422   0.0141   0.0141   0.0141
 -8.9740   0.0428   0.0143   0.0143   0.0143
 -8.9489   0.0435   0.0145   0.0145   0.0145
 -8.9239   0.0442   0.0147   0.0147   0.0147
 -8.8989   0.0449   0.0150   0.0150   0.0150
 -8.8739   0.0457   0.0152   0.0152   0.0152
 -8.8488   0.0464   0.0155   0.0155   0.0155
 -8.8238   0.0472   0.0157   0.0157   0.0157
 -8.7988   0.0480   0.0160   0.0160   0.0160
 -8.7738   0.0488   0.0163   0.0163   0.0163
 -8.7487   0.0497   0.0166   0.0166   0.0166
 -8.7237   0.0505   0.0168   0.0168   0.0168
 -8.6987   0.0514   0.0171   0.0171   0.0171
 -8.6737   0.0523   0.0174   0.0174   0.0174
 -8.6486   0.0532   0.0177   0.0177   0.0178
 -8.6236   0.0542   0.0181   0.0181   0.0181
 -8.5986   0.0552   0.0184   0.0184   0.0184
 -8.5736   0.0562   0.0187   0.0187   0.0187
 -8.5485   0.0572   0.0191   0.0191   0.0191
 -8.5235   0.0583   0.0194   0.0194   0.0194
 -8.4985   0.0594   0.0198   0.0198   0.0198
 -8.4735   0.0606   0.0202   0.0202   0.0202
 -8.4484   0.0617   0.0206   0.0206   0.0206
 -8.4234   0.0629   0.0210   0.0210   0.0210
 -8.3984   0.0642   0.0214   0.0214   0.0214
 -8.3734   0.0654   0.0218   0.0218   0.0218
 -8.3483   0.0668   0.0223   0.0223   0.0223
 -8.3233   0.0681   0.0227   0.0227   0.0227
 -8.2983   0.0695   0.0232   0.0232   0.0232
 -8.2733   0.0710   0.0237   0.0237   0.0237
 -8.2482   0.0725   0.0242   0.0242   0.0242
 -8.2232   0.0740   0.0247   0.0247   0.0247
 -8.1982   0.0756   0.0252   0.0252   0.0252
 -8.1732   0.0772   0.0257   0.0257   0.0257
 -8.1481   0.0789   0.0263   0.0263   0.0263
 -8.1231   0.0807   0.0269   0.0269   0.0269
 -8.0981   0.0825   0.0275   0.0275   0.0275
 -8.0731   0.0844   0.0281   0.0281   0.0281
 -8.0480   0.0863   0.0288   0.0288   0.0288
 -8.0230   0.0883   0.0294   0.0294   0.0294
 -7.9980   0.0904   0.0301   0.0301   0.0301
 -7.9730   0.0926   0.0309   0.0309   0.0309
 -7.9479   0.0948   0.0316   0.0316   0.0316
 -7.9229   0.0972   0.0324   0.0324   0.0324
 -7.8979   0.0996   0.0332   0.0332   0.0332
 -7.8729   0.1021   0.0340   0.0340   0.0340
 -7.8478   0.1047   0.0349   0.0349   0.0349
 -7.8228   0.1074   0.0358   0.0358   0.0358
 -7.7978   0.1102   0.0367   0.0367   0.0367
 -7.7728   0.1132   0.0377   0.0377   0.0377
 -7.7477   0.1162   0.0387   0.0387   0.0387
 -7.7227   0.1194   0.0398   0.0398   0.0398
 -7.6977   0.1227   0.0409   0.0409   0.0409
 -7.6727   0.1262   0.0421   0.0421   0.0421
 -7.6476   0.1298   0.0433   0.0433   0.0433
 -7.6226   0.1336   0.0445   0.0445   0.0445
 -7.5976   0.1375   0.0458   0.0458   0.0458
 -7.5726   0.1416   0.0472   0.0472   0.0472
 -7.5475   0.1459   0.0486   0.0486   0.0487
 -7.5225   0.1505   0.0501   0.0501   0.0502
 -7.4975   0.1552   0.0517   0.0517   0.0517
 -7.4725   0.1602   0.0534   0.0534   0.0534
 -7.4474   0.1654   0.0551   0.0551   0.0551
 -7.4224   0.1708   0.0569   0.0569   0.0570
 -7.3974   0.1766   0.0589   0.0589   0.0589
 -7.3724   0.1826   0.0609   0.0609   0.0609
 -7.3473   0.1890   0.0630   0.0630   0.0630
 -7.3223   0.1957   0.0652   0.0652   0.0653
 -7.2973   0.2028   0.0676   0.0676   0.0676
 -7.2723   0.2103   0.0701   0.0701   0.0701
 -7.2472   0.2182   0.0727   0.0727   0.0728
 -7.2222   0.2266   0.0755   0.0755   0.0756
 -7.1972   0.2355   0.0785   0.0785   0.0785
 -7.1722   0.2449   0.0816   0.0816   0.0817
 -7.1471   0.2549   0.0849   0.0849   0.0850
 -7.1221   0.2655   0.0885   0.0885   0.0886
 -7.0971   0.2768   0.0922   0.0922   0.0923
 -7.0721   0.2889   0.0963   0.0963   0.0964
 -7.0470   0.3018   0.1005   0.1005   0.1007
 -7.0220   0.3155   0.1051   0.1051   0.1053
 -6.9970   0.3303   0.1100   0.1100   0.1102
 -6.9720   0.3461   0.1153   0.1153   0.1155
 -6.9469   0.3630   0.1209   0.1209   0.1211
 -6.9219   0.3813   0.1270   0.1270   0.1272
 -6.8969   0.4009   0.1336   0.1336   0.1338
 -6.8719   0.4221   0.1406   0.1406   0.1409
 -6.8468   0.4451   0.1483   0.1483   0.1486
 -6.8218   0.4700   0.1565   0.1565   0.1569
 -6.7968   0.4970   0.1655   0.1655   0.1660
 -6.7718   0.5264   0.1753   0.1753   0.1758
 -6.7467   0.5585   0.1860   0.1860   0.1866
 -6.7217   0.5936   0.1976   0.1976   0.1983
 -6.6967   0.6321   0.2104   0.2104   0.2112
 -6.6717   0.6744   0.2245   0.2245   0.2254
 -6.6466   0.7210   0.2400   0.2400   0.2410
 -6.6216   0.7726   0.2571   0.2571   0.2583
 -6.5966   0.8297   0.2761   0.2761   0.2775
 -6.5716   0.8933   0.2972   0.2972   0.2988
 -6.5465   0.9643   0.3208   0.3208   0.3227
 -6.5215   1.0438   0.3472   0.3472   0.3494
 -6.4965   1.1332   0.3769   0.3769   0.3795
 -6.4715   1.2340   0.4103   0.4103   0.4134
 -6.4464   1.3482   0.4482   0.4482   0.4518
 -6.4214   1.4780   0.4912   0.4912   0.4955
 -6.3964   1.6261   0.5403   0.5403   0.5454
 -6.3714   1.7957   0.5965   0.5965   0.6026
 -6.3463   1.9907   0.6611   0.6611   0.6684
 -6.3213   2.2155   0.7356   0.7356   0.7442
 -6.2963   2.4752   0.8217   0.8217   0.8319
 -6.2713   2.7758   0.9213   0.9213   0.9333
 -6.2462   3.1236   1.0366   1.0366   1.0504
 -6.2212   3.5248   1.1697   1.1697   1.1853
 -6.1962   3.9848   1.3226   1.3226   1.3395
 -6.1712   4.5062   1.4964   1.4964   1.5134
 -6.1461   5.0866   1.6906   1.6906   1.7055
 -6.1211   5.7144   1.9017   1.9017   1.9110
 -6.0961   6.3650   2.1222   2.1222   2.1206
 -6.0711   6.9982   2.3389   2.3389   2.3204
 -6.0460   7.5590   2.5333   2.5333   2.4924
 -6.0210   7.9853   2.6834   2.6834   2.6185
 -5.9960   8.2212   2.7686   2.7686   2.6841
 -5.9710   8.2333   2.7754   2.7754   2.6824
 -5.9459   8.0201   2.7026   2.7026   2.6149
 -5.9209   7.6133   2.5614   2.5614   2.4906
 -5.8959   7.0670   2.3718   2.3718   2.3235
 -5.8709   6.4429   2.1565   2.1565   2.1298
 -5.8458   5.7964   1.9353   1.9353   1.9257
 -5.8208   5.1690   1.7224   1.7224   1.7243
 -5.7958   4.5867   1.5260   1.5260   1.5346
 -5.7708   4.0621   1.3501   1.3501   1.3619
 -5.7457   3.5988   1.1953   1.1953   1.2082
 -5.7207   3.1946   1.0606   1.0606   1.0734
 -5.6957   2.8445   0.9441   0.9441   0.9563
 -5.6707   2.5423   0.8436   0.8436   0.8550
 -5.6456   2.2817   0.7570   0.7570   0.7676
 -5.6206   2.0568   0.6823   0.6823   0.6923
 -5.5956   1.8625   0.6177   0.6177   0.6272
 -5.5706   1.6941   0.5616   0.5616   0.5709
 -5.5455   1.5479   0.5129   0.5129   0.5221
 -5.5205   1.4206   0.4704   0.4704   0.4798
 -5.4955   1.3094   0.4332   0.4332   0.4430
 -5.4705   1.2122   0.4006   0.4006   0.4109
 -5.4454   1.1269   0.3720   0.3720   0.3829
 -5.4204   1.0520   0.3467   0.3467   0.3585
 -5.3954   0.9862   0.3244   0.3244   0.3373
 -5.3704   0.9284   0.3047   0.3047   0.3189
 -5.3453   0.8776   0.2873   0.2873   0.3031
 -5.3203   0.8332   0.2719   0.2719   0.2895
 -5.2953   0.7945   0.2582   0.2582   0.2781
 -5.2703   0.7610   0.2462   0.2462   0.2686
 -5.2452   0.7324   0.2356   0.2356   0.2611
 -5.2202   0.7082   0.2264   0.2264   0.2554
 -5.1952   0.6883   0.2184   0.2184   0.2515
 -5.1702   0.6725   0.2115   0.2115   0.2496
 -5.1451   0.6608   0.2057   0.2057   0.2495
 -5.1201   0.6532   0.2008   0.2008   0.2515
 -5.0951   0.6496   0.1970   0.1970   0.2556
 -5.0701   0.6501   0.1941   0.1941   0.2618
 -5.0450   0.6546   0.1922   0.1922   0.2702
 -5.0200   0.6631   0.1913   0.1913   0.2805
 -4.9950   0.6751   0.1913   0.1913   0.2925
 -4.9700   0.6900   0.1923   0.1923   0.3054
 -4.9449   0.7068   0.1945   0.1945   0.3178
 -4.9199   0.7240   0.1978   0.1978   0.3283
 -4.8949   0.7402   0.2024   0.2024   0.3353
 -4.8699   0.7545   0.2085   0.2085   0.3376
 -4.8448   0.7669   0.2161   0.2161   0.3347
 -4.8198   0.7785   0.2255   0.2255   0.3275
 -4.7948   0.7913   0.2370   0.2370   0.3173
 -4.7698   0.8076   0.2508   0.2508   0.3060
 -4.7447   0.8297   0.2673   0.2673   0.2951
 -4.7197   0.8597   0.2870   0.2870   0.2857
 -4.6947   0.8992   0.3103   0.3103   0.2787
 -4.6697   0.9496   0.3376   0.3376   0.2744
 -4.6446   1.0123   0.3696   0.3696   0.2732
 -4.6196   1.0881   0.4065   0.4065   0.2752
 -4.5946   1.1775   0.4485   0.4485   0.2806
 -4.5696   1.2799   0.4952   0.4952   0.2895
 -4.5445   1.3933   0.5454   0.5454   0.3024
 -4.5195   1.5134   0.5970   0.5970   0.3194
 -4.4945   1.6339   0.6464   0.6464   0.3411
 -4.4695   1.7469   0.6895   0.6895   0.3678
 -4.4444   1.8446   0.7223   0.7223   0.4001
 -4.4194   1.9225   0.7422   0.7422   0.4382
 -4.3944   1.9807   0.7493   0.7493   0.4821
 -4.3694   2.0233   0.7460   0.7460   0.5313
 -4.3443   2.0557   0.7357   0.7357   0.5842
 -4.3193   2.0808   0.7215   0.7215   0.6378
 -4.2943   2.0969   0.7048   0.7048   0.6873
 -4.2693   2.0970   0.6850   0.6850   0.7269
 -4.2442   2.0717   0.6606   0.6606   0.7504
 -4.2192   2.0134   0.6299   0.6299   0.7535
 -4.1942   1.9203   0.5925   0.5925   0.7353
 -4.1692   1.7974   0.5495   0.5495   0.6985
 -4.1441   1.6550   0.5032   0.5032   0.6486
 -4.1191   1.5045   0.4564   0.4564   0.5918
 -4.0941   1.3559   0.4112   0.4112   0.5334
 -4.0691   1.2158   0.3693   0.3693   0.4772
 -4.0440   1.0882   0.3314   0.3314   0.4253
 -4.0190   0.9743   0.2977   0.2977   0.3788
 -3.9940   0.8740   0.2681   0.2681   0.3378
 -3.9690   0.7864   0.2422   0.2422   0.3020
 -3.9439   0.7102   0.2196   0.2196   0.2710
 -3.9189   0.6439   0.1999   0.1999   0.2441
 -3.8939   0.5862   0.1827   0.1827   0.2208
 -3.8689   0.5358   0.1676   0.1676   0.2006
 -3.8438   0.4918   0.1544   0.1544   0.1830
 -3.8188   0.4530   0.1427   0.1427   0.1676
 -3.7938   0.4189   0.1324   0.1324   0.1541
 -3.7688   0.3886   0.1232   0.1232   0.1423
 -3.7437   0.3617   0.1150   0.1150   0.1318
 -3.7187   0.3377   0.1076   0.1076   0.1225
 -3.6937   0.3162   0.1010   0.1010   0.1142
 -3.6687   0.2969   0.0951   0.0951   0.1068
 -3.6436   0.2794   0.0897   0.0897   0.1001
 -3.6186   0.2636   0.0848   0.0848   0.0941
 -3.5936   0.2493   0.0803   0.0803   0.0887
 -3.5686   0.2362   0.0762   0.0762   0.0838
 -3.5435   0.2242   0.0725   0.0725   0.0793
 -3.5185   0.2133   0.0690   0.0690   0.0752
 -3.4935   0.2032   0.0659   0.0659   0.0715
 -3.4685   0.1939   0.0629   0.0629   0.0680
 -3.4434   0.1853   0.0602   0.0602   0.0649
 -3.4184   0.1774   0.0577   0.0577   0.0620
 -3.3934   0.1700   0.0554   0.0554   0.0593
 -3.3684   0.1632   0.0532   0.0532   0.0568
 -3.3433   0.1568   0.0512   0.0512   0.0544
 -3.3183   0.1509   0.0493   0.0493   0.0523
 -3.2933   0.1453   0.0475   0.0475   0.0503
 -3.2683   0.1401   0.0459   0.0459   0.0484
 -3.2432   0.1352   0.0443   0.0443   0.0466
 -3.2182   0.1306   0.0428   0.0428   0.0450
 -3.1932   0.1263   0.0414   0.0414   0.0434
 -3.1682   0.1223   0.0401   0.0401   0.0420
 -3.1431   0.1184   0.0389   0.0389   0.0406
 -3.1181   0.1148   0.0377   0.0377   0.0393
 -3.0931   0.1114   0.0366   0.0366   0.0381
 -3.0681   0.1082   0.0356   0.0356   0.0370
 -3.0430   0.1051   0.0346   0.0346   0.0359
 -3.0180   0.1022   0.0337   0.0337   0.0349
 -2.9930   0.0995   0.0328   0.0328   0.0339
 -2.9680   0.0968   0.0319   0.0319   0.0330
 -2.9429   0.0944   0.0311   0.0311   0.0321
 -2.9179   0.0920   0.0304   0.0304   0.0313
 -2.8929   0.0898   0.0296   0.0296   0.0305
 -2.8679   0.0876   0.0289   0.0289   0.0297
 -2.8428   0.0856   0.0283   0.0283   0.0290
 -2.8178   0.0836   0.0277   0.0277   0.0283
 -2.7928   0.0818   0.0270   0.0270   0.0277
 -2.7678   0.0800   0.0265   0.0265   0.0271
 -2.7427   0.0783   0.0259   0.0259   0.0265
 -2.7177   0.0767   0.0254   0.0254   0.0259
 -2.6927   0.0752   0.0249   0.0249   0.0254
 -2.6677   0.0737   0.0244   0.0244   0.0249
 -2.6426   0.0723   0.0240   0.0240   0.0244
 -2.6176   0.0710   0.0235   0.0235   0.0239
 -2.5926   0.0697   0.0231   0.0231   0.0234
 -2.5676   0.0685   0.0227   0.0227   0.0230
 -2.5425   0.0673   0.0224   0.0224   0.0226
 -2.5175   0.0662   0.0220   0.0220   0.0222
 -2.4925   0.0652   0.0217   0.0217   0.0219
 -2.4675   0.0642   0.0213   0.0213   0.0215
 -2.4424   0.0632   0.0210   0.0210   0.0212
 -2.4174   0.0623   0.0207   0.0207   0.0209
 -2.3924   0.0615   0.0205   0.0205   0.0206
 -2.3674   0.0607   0.0202   0.0202   0.0203
 -2.3423   0.0599   0.0200   0.0200   0.0200
 -2.3173   0.0592   0.0197   0.0197   0.0197
 -2.2923   0.0585   0.0195   0.0195   0.0195
 -2.2673   0.0579   0.0193   0.0193   0.0193
 -2.2422   0.0573   0.0191   0.0191   0.0191
 -2.2172   0.0568   0.0190   0.0190   0.0189
 -2.1922   0.0563   0.0188   0.0188   0.0187
 -2.1672   0.0559   0.0187   0.0187   0.0185
 -2.1421   0.0555   0.0186   0.0186   0.0184
 -2.1171   0.0551   0.0185   0.0185   0.0182
 -2.0921   0.0548   0.0184   0.0184   0.0181
 -2.0671   0.0546   0.0183   0.0183   0.0180
 -2.0420   0.0544   0.0182   0.0182   0.0179
 -2.0170   0.0542   0.0182   0.0182   0.0178
 -1.9920   0.0541   0.0182   0.0182   0.0178
 -1.9670   0.0541   0.0182   0.0182   0.0177
 -1.9419   0.0541   0.0182   0.0182   0.0177
 -1.9169   0.0542   0.0183   0.0183   0.0177
 -1.8919   0.0544   0.0183   0.0183   0.0177
 -1.8669   0.0546   0.0184   0.0184   0.0178
 -1.8418   0.0549   0.0186   0.0186   0.0178
 -1.8168   0.0553   0.0187   0.0187   0.0179
 -1.7918   0.0558   0.0189   0.0189   0.0180
 -1.7668   0.0564   0.0191   0.0191   0.0182
 -1.7417   0.0571   0.0194   0.0194   0.0183
 -1.7167   0.0579   0.0197   0.0197   0.0185
 -1.6917   0.0589   0.0201   0.0201   0.0188
 -1.6667   0.0600   0.0205   0.0205   0.0191
 -1.6416   0.0612   0.0209   0.0209   0.0194
 -1.6166   0.0627   0.0215   0.0215   0.0198
 -1.5916   0.0643   0.0221   0.0221   0.0202
 -1.5666   0.0662   0.0228   0.0228   0.0207
 -1.5415   0.0683   0.0235   0.0235   0.0213
 -1.5165   0.0708   0.0244   0.0244   0.0219
 -1.4915   0.0736   0.0255   0.0255   0.0226
 -1.4665   0.0767   0.0266   0.0266   0.0235
 -1.4414   0.0803   0.0280   0.0280   0.0244
 -1.4164   0.0844   0.0295   0.0295   0.0255
 -1.3914   0.0891   0.0312   0.0312   0.0267
 -1.3664   0.0946   0.0332   0.0332   0.0281
 -1.3413   0.1008   0.0355   0.0355   0.0297
 -1.3163   0.1080   0.0382   0.0382   0.0316
 -1.2913   0.1163   0.0413   0.0413   0.0337
 -1.2663   0.1259   0.0448   0.0448   0.0362
 -1.2412   0.1370   0.0490   0.0490   0.0391
 -1.2162   0.1500   0.0538   0.0538   0.0424
 -1.1912   0.1651   0.0594   0.0594   0.0462
 -1.1662   0.1825   0.0659   0.0659   0.0507
 -1.1411   0.2026   0.0733   0.0733   0.0559
 -1.1161   0.2254   0.0817   0.0817   0.0619
 -1.0911   0.2511   0.0911   0.0911   0.0689
 -1.0661   0.2791   0.1011   0.1011   0.0769
 -1.0410   0.3087   0.1115   0.1115   0.0858
 -1.0160   0.3383   0.1214   0.1214   0.0955
 -0.9910   0.3658   0.1300   0.1300   0.1058
 -0.9660   0.3886   0.1363   0.1363   0.1159
 -0.9409   0.4043   0.1396   0.1396   0.1251
 -0.9159   0.4110   0.1395   0.1395   0.1321
 -0.8909   0.4077   0.1358   0.1358   0.1360
 -0.8659   0.3948   0.1293   0.1293   0.1362
 -0.8408   0.3737   0.1206   0.1206   0.1325
 -0.8158   0.3470   0.1107   0.1107   0.1257
 -0.7908   0.3172   0.1003   0.1003   0.1166
 -0.7658   0.2868   0.0902   0.0902   0.1065
 -0.7407   0.2574   0.0807   0.0807   0.0961
 -0.7157   0.2303   0.0721   0.0721   0.0861
 -0.6907   0.2059   0.0645   0.0645   0.0768
 -0.6657   0.1843   0.0578   0.0578   0.0686
 -0.6406   0.1654   0.0520   0.0520   0.0613
 -0.6156   0.1490   0.0470   0.0470   0.0550
 -0.5906   0.1348   0.0427   0.0427   0.0495
 -0.5656   0.1225   0.0389   0.0389   0.0448
 -0.5405   0.1119   0.0356   0.0356   0.0407
 -0.5155   0.1026   0.0327   0.0327   0.0371
 -0.4905   0.0945   0.0302   0.0302   0.0340
 -0.4655   0.0874   0.0280   0.0280   0.0313
 -0.4404   0.0812   0.0261   0.0261   0.0289
 -0.4154   0.0757   0.0244   0.0244   0.0269
 -0.3904   0.0708   0.0229   0.0229   0.0250
 -0.3654   0.0664   0.0215   0.0215   0.0234
 -0.3403   0.0626   0.0203   0.0203   0.0220
 -0.3153   0.0591   0.0192   0.0192   0.0207
 -0.2903   0.0560   0.0182   0.0182   0.0195
 -0.2653   0.0531   0.0173   0.0173   0.0185
 -0.2402   0.0506   0.0165   0.0165   0.0176
 -0.2152   0.0482   0.0158   0.0158   0.0167
 -0.1902   0.0461   0.0151   0.0151   0.0159
 -0.1652   0.0442   0.0145   0.0145   0.0152
 -0.1401   0.0424   0.0139   0.0139   0.0146
 -0.1151   0.0407   0.0134   0.0134   0.0140
 -0.0901   0.0392   0.0129   0.0129   0.0135
 -0.0651   0.0378   0.0124   0.0124   0.0130
 -0.0400   0.0365   0.0120   0.0120   0.0125
 -0.0150   0.0353   0.0116   0.0116   0.0121
  0.0100   0.0342   0.0113   0.0113   0.0117
  0.0350   0.0332   0.0109   0.0109   0.0113
  0.0601   0.0322   0.0106   0.0106   0.0110
  0.0851   0.0313   0.0103   0.0103   0.0106
  0.1101   0.0304   0.0100   0.0100   0.0103
  0.1351   0.0296   0.0098   0.0098   0.0100
  0.1602   0.0289   0.0095   0.0095   0.0098
  0.1852   0.0281   0.0093   0.0093   0.0095
  0.2102   0.0275   0.0091   0.0091   0.0093
  0.2352   0.0268   0.0089   0.0089   0.0091
  0.2603   0.0262   0.0087   0.0087   0.0089
  0.2853   0.0256   0.0085   0.0085   0.0087
  0.3103   0.0251   0.0083   0.0083   0.0085
  0.3353   0.0246   0.0081   0.0081   0.0083
  0.3604   0.0241   0.0080   0.0080   0.0081
  0.3854   0.0236   0.0078   0.0078   0.0080
  0.4104   0.0232   0.0077   0.0077   0.0078
  0.4354   0.0228   0.0075   0.0075   0.0077
  0.4605   0.0223   0.0074   0.0074   0.0075
  0.4855   0.0220   0.0073   0.0073   0.0074
  0.5105   0.0216   0.0072   0.0072   0.0073
  0.5355   0.0212   0.0070   0.0070   0.0071
  0.5606   0.0209   0.0069   0.0069   0.0070
  0.5856   0.0206   0.0068   0.0068   0.0069
  0.6106   0.0202   0.0067   0.0067   0.0068
  0.6356   0.0199   0.0066   0.0066   0.0067
  0.6607   0.0196   0.0065   0.0065   0.0066
  0.6857   0.0194   0.0064   0.0064   0.0065
  0.7107   0.0191   0.0063   0.0063   0.0064
  0.7357   0.0188   0.0062   0.0062   0.0063
  0.7608   0.0186   0.0062   0.0062   0.0063
  0.7858   0.0183   0.0061   0.0061   0.0062
  0.8108   0.0181   0.0060   0.0060   0.0061
  0.8358   0.0179   0.0059   0.0059   0.0060
  0.8609   0.0177   0.0059   0.0059   0.0060
  0.8859   0.0175   0.0058   0.0058   0.0059
  0.9109   0.0173   0.0057   0.0057   0.0058
  0.9359   0.0171   0.0057   0.0057   0.0058
  0.9610   0.0169   0.0056   0.0056   0.0057
  0.9860   0.0167   0.0055   0.0055   0.0056
  1.0110   0.0165   0.0055   0.0055   0.0056
  1.0360   0.0164   0.0054   0.0054   0.0055
  1.0611   0.0162   0.0054   0.0054   0.0055
  1.0861   0.0160   0.0053   0.0053   0.0054
  1.1111   0.0159   0.0053   0.0053   0.0054
  1.1361   0.0158   0.0052   0.0052   0.0053
  1.1612   0.0156   0.0052   0.0052   0.0053
  1.1862   0.0155   0.0051   0.0051   0.0052
  1.2112   0.0154   0.0051   0.0051   0.0052
  1.2362   0.0152   0.0050   0.0050   0.0052
  1.2613   0.0151   0.0050   0.0050   0.0051
  1.2863   0.0150   0.0050   0.0050   0.0051
  1.3113   0.0149   0.0049   0.0049   0.0051
  1.3363   0.0148   0.0049   0.0049   0.0050
  1.3614   0.0147   0.0049   0.0049   0.0050
  1.3864   0.0146   0.0048   0.0048   0.0050
  1.4114   0.0146   0.0048   0.0048   0.0050
  1.4364   0.0145   0.0048   0.0048   0.0050
  1.4615   0.0144   0.0047   0.0047   0.0049
  1.4865   0.0144   0.0047   0.0047   0.0049
  1.5115   0.0143   0.0047   0.0047   0.0049
  1.5365   0.0143   0.0047   0.0047   0.0049
  1.5616   0.0142   0.0047   0.0047   0.0049
  1.5866   0.0142   0.0046   0.0046   0.0049
  1.6116   0.0142   0.0046   0.0046   0.0049
  1.6366   0.0142   0.0046   0.0046   0.0049
  1.6617   0.0142   0.0046   0.0046   0.0049
  1.6867   0.0142   0.0046   0.0046   0.0050
  1.7117   0.0142   0.0046   0.0046   0.0050
  1.7367   0.0142   0.0046   0.0046   0.0050
  1.7618   0.0143   0.0046   0.0046   0.0051
  1.7868   0.0144   0.0046   0.0046   0.0051
  1.8118   0.0145   0.0046   0.0046   0.0052
  1.8368   0.0146   0.0047   0.0047   0.0052
  1.8619   0.0147   0.0047   0.0047   0.0053
  1.8869   0.0149   0.0047   0.0047   0.0054
  1.9119   0.0151   0.0048   0.0048   0.0055
  1.9369   0.0153   0.0048   0.0048   0.0057
  1.9620   0.0156   0.0049   0.0049   0.0058
  1.9870   0.0159   0.0050   0.0050   0.0060
  2.0120   0.0163   0.0051   0.0051   0.0062
  2.0370   0.0168   0.0052   0.0052   0.0064
  2.0621   0.0174   0.0053   0.0053   0.0067
  2.0871   0.0180   0.0055   0.0055   0.0070
  2.1121   0.0188   0.0057   0.0057   0.0074
  2.1371   0.0197   0.0059   0.0059   0.0079
  2.1622   0.0207   0.0062   0.0062   0.0084
  2.1872   0.0219   0.0065   0.0065   0.0090
  2.2122   0.0234   0.0068   0.0068   0.0097
  2.2372   0.0250   0.0072   0.0072   0.0106
  2.2623   0.0268   0.0077   0.0077   0.0115
  2.2873   0.0287   0.0081   0.0081   0.0124
  2.3123   0.0307   0.0086   0.0086   0.0134
  2.3373   0.0326   0.0091   0.0091   0.0144
  2.3624   0.0342   0.0095   0.0095   0.0152
  2.3874   0.0353   0.0098   0.0098   0.0157
  2.4124   0.0357   0.0099   0.0099   0.0159
  2.4374   0.0353   0.0098   0.0098   0.0157
  2.4625   0.0342   0.0095   0.0095   0.0152
  2.4875   0.0326   0.0091   0.0091   0.0144
  2.5125   0.0307   0.0086   0.0086   0.0134
  2.5375   0.0286   0.0081   0.0081   0.0123
  2.5626   0.0266   0.0076   0.0076   0.0113
  2.5876   0.0247   0.0072   0.0072   0.0104
  2.6126   0.0230   0.0068   0.0068   0.0095
  2.6376   0.0215   0.0064   0.0064   0.0087
  2.6627   0.0203   0.0061   0.0061   0.0081
  2.6877   0.0191   0.0058   0.0058   0.0075
  2.7127   0.0182   0.0056   0.0056   0.0070
  2.7377   0.0174   0.0054   0.0054   0.0066
  2.7628   0.0167   0.0053   0.0053   0.0062
  2.7878   0.0161   0.0051   0.0051   0.0059
  2.8128   0.0156   0.0050   0.0050   0.0056
  2.8378   0.0152   0.0050   0.0050   0.0053
  2.8629   0.0149   0.0049   0.0049   0.0051
  2.8879   0.0147   0.0049   0.0049   0.0049
  2.9129   0.0145   0.0049   0.0049   0.0047
  2.9379   0.0144   0.0049   0.0049   0.0046
  2.9630   0.0143   0.0049   0.0049   0.0044
  2.9880   0.0143   0.0050   0.0050   0.0043
  3.0130   0.0143   0.0051   0.0051   0.0042
  3.0380   0.0145   0.0052   0.0052   0.0041
  3.0631   0.0146   0.0053   0.0053   0.0040
  3.0881   0.0149   0.0055   0.0055   0.0039
  3.1131   0.0153   0.0057   0.0057   0.0038
  3.1381   0.0157   0.0060   0.0060   0.0038
  3.1632   0.0163   0.0063   0.0063   0.0037
  3.1882   0.0170   0.0067   0.0067   0.0036
  3.2132   0.0178   0.0071   0.0071   0.0036
  3.2382   0.0186   0.0076   0.0076   0.0035
  3.2633   0.0196   0.0081   0.0081   0.0035
  3.2883   0.0206   0.0086   0.0086   0.0034
  3.3133   0.0215   0.0091   0.0091   0.0034
  3.3383   0.0223   0.0095   0.0095   0.0033
  3.3634   0.0227   0.0097   0.0097   0.0033
  3.3884   0.0227   0.0097   0.0097   0.0033
  3.4134   0.0224   0.0096   0.0096   0.0032
  3.4384   0.0217   0.0092   0.0092   0.0032
  3.4635   0.0207   0.0088   0.0088   0.0032
  3.4885   0.0195   0.0082   0.0082   0.0031
  3.5135   0.0184   0.0076   0.0076   0.0031
  3.5385   0.0173   0.0071   0.0071   0.0031
  3.5636   0.0162   0.0066   0.0066   0.0030
  3.5886   0.0153   0.0061   0.0061   0.0030
  3.6136   0.0145   0.0057   0.0057   0.0030
  3.6386   0.0137   0.0054   0.0054   0.0030
  3.6637   0.0131   0.0051   0.0051   0.0030
  3.6887   0.0126   0.0048   0.0048   0.0029
  3.7137   0.0121   0.0046   0.0046   0.0029
  3.7387   0.0117   0.0044   0.0044   0.0029
  3.7638   0.0113   0.0042   0.0042   0.0029
  3.7888   0.0110   0.0040   0.0040   0.0029
  3.8138   0.0107   0.0039   0.0039   0.0028
  3.8388   0.0104   0.0038   0.0038   0.0028
  3.8639   0.0102   0.0037   0.0037   0.0028
  3.8889   0.0100   0.0036   0.0036   0.0028
  3.9139   0.0098   0.0035   0.0035   0.0028
  3.9389   0.0096   0.0034   0.0034   0.0028
  3.9640   0.0095   0.0034   0.0034   0.0028
  3.9890   0.0093   0.0033   0.0033   0.0027
  4.0140   0.0092   0.0032   0.0032   0.0027
  4.0390   0.0091   0.0032   0.0032   0.0027
  4.0641   0.0090   0.0031   0.0031   0.0027
  4.0891   0.0089   0.0031   0.0031   0.0027
  4.1141   0.0088   0.0031   0.0031   0.0027
  4.1391   0.0087   0.0030   0.0030   0.0027
  4.1642   0.0086   0.0030   0.0030   0.0027
  4.1892   0.0086   0.0030   0.0030   0.0027
  4.2142   0.0085   0.0029   0.0029   0.0027
  4.2392   0.0084   0.0029   0.0029   0.0026
  4.2643   0.0084   0.0029   0.0029   0.0026
  4.2893   0.0083   0.0028   0.0028   0.0026
  4.3143   0.0083   0.0028   0.0028   0.0026
  4.3393   0.0082   0.0028   0.0028   0.0026
  4.3644   0.0082   0.0028   0.0028   0.0026
  4.3894   0.0081   0.0028   0.0028   0.0026
  4.4144   0.0081   0.0027   0.0027   0.0026
  4.4394   0.0080   0.0027   0.0027   0.0026
  4.4645   0.0080   0.0027   0.0027   0.0026
  4.4895   0.0080   0.0027   0.0027   0.0026
  4.5145   0.0079   0.0027   0.0027   0.0026
  4.5395   0.0079   0.0027   0.0027   0.0026
  4.5646   0.0079   0.0027   0.0027   0.0026
  4.5896   0.0078   0.0026   0.0026   0.0025
  4.6146   0.0078   0.0026   0.0026   0.0025
  4.6396   0.0078   0.0026   0.0026   0.0025
  4.6647   0.0078   0.0026   0.0026   0.0025
  4.6897   0.0077   0.0026   0.0026   0.0025
  4.7147   0.0077   0.0026   0.0026   0.0025
  4.7397   0.0077   0.0026   0.0026   0.0025
  4.7648   0.0077   0.0026   0.0026   0.0025
  4.7898   0.0076   0.0026   0.0026   0.0025
  4.8148   0.0076   0.0026   0.0026   0.0025
  4.8398   0.0076   0.0025   0.0025   0.0025
  4.8649   0.0076   0.0025   0.0025   0.0025
  4.8899   0.0076   0.0025   0.0025   0.0025
  4.9149   0.0076   0.0025   0.0025   0.0025
  4.9399   0.0076   0.0025   0.0025   0.0025
  4.9650   0.0075   0.0025   0.0025   0.0025
  4.9900   0.0075   0.0025   0.0025   0.0025
  5.0150   0.0075   0.0025   0.0025   0.0025
  5.0400   0.0075   0.0025   0.0025   0.0025
  5.0651   0.0075   0.0025   0.0025   0.0025
  5.0901   0.0075   0.0025   0.0025   0.0025
  5.1151   0.0075   0.0025   0.0025   0.0025
  5.1401   0.0075   0.0025   0.0025   0.0025
  5.1652   0.0075   0.0025   0.0025   0.0025
  5.1902   0.0075   0.0025   0.0025   0.0025
  5.2152   0.0075   0.0025   0.0025   0.0025
  5.2402   0.0075   0.0025   0.0025   0.0026
  5.2653   0.0075   0.0025   0.0025   0.0026
  5.2903   0.0075   0.0025   0.0025   0.0026
  5.3153   0.0075   0.0025   0.0025   0.0026
  5.3403   0.0075   0.0025   0.0025   0.0026
  5.3654   0.0075   0.0025   0.0025   0.0026
  5.3904   0.0075   0.0025   0.0025   0.0026
  5.4154   0.0076   0.0025   0.0025   0.0027
  5.4404   0.0076   0.0024   0.0024   0.0027
  5.4655   0.0076   0.0024   0.0024   0.0027
  5.4905   0.0076   0.0024   0.0024   0.0027
  5.5155   0.0077   0.0024   0.0024   0.0028
  5.5405   0.0077   0.0024   0.0024   0.0028
  5.5656   0.0078   0.0024   0.0024   0.0029
  5.5906   0.0078   0.0024   0.0024   0.0029
  5.6156   0.0079   0.0024   0.0024   0.0030
  5.6406   0.0079   0.0024   0.0024   0.0031
  5.6657   0.0080   0.0024   0.0024   0.0031
  5.6907   0.0081   0.0024   0.0024   0.0032
  5.7157   0.0082   0.0024   0.0024   0.0033
  5.7407   0.0084   0.0024   0.0024   0.0035
  5.7658   0.0085   0.0024   0.0024   0.0036
  5.7908   0.0086   0.0025   0.0025   0.0037
  5.8158   0.0087   0.0025   0.0025   0.0038
  5.8408   0.0088   0.0025   0.0025   0.0039
  5.8659   0.0089   0.0025   0.0025   0.0040
  5.8909   0.0089   0.0025   0.0025   0.0040
  5.9159   0.0088   0.0025   0.0025   0.0039
  5.9409   0.0088   0.0025   0.0025   0.0038
  5.9660   0.0087   0.0025   0.0025   0.0037
  5.9910   0.0085   0.0025   0.0025   0.0036
  6.0160   0.0084   0.0025   0.0025   0.0035
  6.0410   0.0083   0.0025   0.0025   0.0034
  6.0661   0.0082   0.0025   0.0025   0.0033
  6.0911   0.0081   0.0025   0.0025   0.0032
  6.1161   0.0081   0.0025   0.0025   0.0031
  6.1411   0.0080   0.0025   0.0025   0.0030
  6.1662   0.0080   0.0025   0.0025   0.0030
  6.1912   0.0079   0.0025   0.0025   0.0029
  6.2162   0.0079   0.0025   0.0025   0.0029
  6.2412   0.0079   0.0025   0.0025   0.0028
  6.2663   0.0078   0.0025   0.0025   0.0028
  6.2913   0.0078   0.0025   0.0025   0.0028
  6.3163   0.0078   0.0025   0.0025   0.0028
  6.3413   0.0078   0.0025   0.0025   0.0028
  6.3664   0.0078   0.0025   0.0025   0.0027
  6.3914   0.0078   0.0025   0.0025   0.0027
  6.4164   0.0078   0.0025   0.0025   0.0027
  6.4414   0.0078   0.0026   0.0026   0.0027
  6.4665   0.0078   0.0026   0.0026   0.0027
  6.4915   0.0078   0.0026   0.0026   0.0027
  6.5165   0.0078   0.0026   0.0026   0.0027
  6.5415   0.0079   0.0026   0.0026   0.0027
  6.5666   0.0079   0.0026   0.0026   0.0027
  6.5916   0.0079   0.0026   0.0026   0.0027
  6.6166   0.0079   0.0026   0.0026   0.0027
  6.6416   0.0079   0.0026   0.0026   0.0027
  6.6667   0.0079   0.0026   0.0026   0.0027
  6.6917   0.0080   0.0026   0.0026   0.0027
  6.7167   0.0080   0.0026   0.0026   0.0027
  6.7417   0.0080   0.0026   0.0026   0.0027
  6.7668   0.0080   0.0027   0.0027   0.0027
  6.7918   0.0080   0.0027   0.0027   0.0027
  6.8168   0.0081   0.0027   0.0027   0.0027
  6.8418   0.0081   0.0027   0.0027   0.0027
  6.8669   0.0081   0.0027   0.0027   0.0027
  6.8919   0.0082   0.0027   0.0027   0.0028
  6.9169   0.0082   0.0027   0.0027   0.0028
  6.9419   0.0082   0.0027   0.0027   0.0028
  6.9670   0.0082   0.0027   0.0027   0.0028
  6.9920   0.0083   0.0027   0.0027   0.0028
  7.0170   0.0083   0.0028   0.0028   0.0028
  7.0420   0.0083   0.0028   0.0028   0.0028
  7.0671   0.0084   0.0028   0.0028   0.0028
  7.0921   0.0084   0.0028   0.0028   0.0028
  7.1171   0.0085   0.0028   0.0028   0.0028
  7.1421   0.0085   0.0028   0.0028   0.0029
  7.1672   0.0085   0.0028   0.0028   0.0029
  7.1922   0.0086   0.0028   0.0028   0.0029
  7.2172   0.0086   0.0029   0.0029   0.0029
  7.2422   0.0087   0.0029   0.0029   0.0029
  7.2673   0.0087   0.0029   0.0029   0.0029
  7.2923   0.0087   0.0029   0.0029   0.0029
  7.3173   0.0088   0.0029   0.0029   0.0029
  7.3423   0.0088   0.0029   0.0029   0.0030
  7.3674   0.0089   0.0030   0.0030   0.0030
  7.3924   0.0089   0.0030   0.0030   0.0030
  7.4174   0.0090   0.0030   0.0030   0.0030
  7.4424   0.0090   0.0030   0.0030   0.0030
  7.4675   0.0091   0.0030   0.0030   0.0030
  7.4925   0.0091   0.0030   0.0030   0.0031
  7.5175   0.0092   0.0031   0.0031   0.0031
  7.5425   0.0093   0.0031   0.0031   0.0031
  7.5676   0.0093   0.0031   0.0031   0.0031
  7.5926   0.0094   0.0031   0.0031   0.0031
  7.6176   0.0094   0.0031   0.0031   0.0032
  7.6426   0.0095   0.0032   0.0032   0.0032
  7.6677   0.0096   0.0032   0.0032   0.0032
  7.6927   0.0096   0.0032   0.0032   0.0032
  7.7177   0.0097   0.0032   0.0032   0.0032
  7.7427   0.0097   0.0032   0.0032   0.0033
  7.7678   0.0098   0.0033   0.0033   0.0033
  7.7928   0.0099   0.0033   0.0033   0.0033
  7.8178   0.0100   0.0033   0.0033   0.0033
  7.8428   0.0100   0.0033   0.0033   0.0034
  7.8679   0.0101   0.0034   0.0034   0.0034
  7.8929   0.0102   0.0034   0.0034   0.0034
  7.9179   0.0103   0.0034   0.0034   0.0034
  7.9429   0.0103   0.0034   0.0034   0.0035
  7.9680   0.0104   0.0035   0.0035   0.0035
  7.9930   0.0105   0.0035   0.0035   0.0035
  8.0180   0.0106   0.0035   0.0035   0.0035
  8.0430   0.0107   0.0036   0.0036   0.0036
  8.0681   0.0108   0.0036   0.0036   0.0036
  8.0931   0.0109   0.0036   0.0036   0.0036
  8.1181   0.0109   0.0036   0.0036   0.0037
  8.1431   0.0110   0.0037   0.0037   0.0037
  8.1682   0.0111   0.0037   0.0037   0.0037
  8.1932   0.0112   0.0037   0.0037   0.0038
  8.2182   0.0113   0.0038   0.0038   0.0038
  8.2432   0.0114   0.0038   0.0038   0.0038
  8.2683   0.0115   0.0038   0.0038   0.0039
  8.2933   0.0116   0.0039   0.0039   0.0039
  8.3183   0.0118   0.0039   0.0039   0.0039
  8.3433   0.0119   0.0040   0.0040   0.0040
  8.3684   0.0120   0.0040   0.0040   0.0040
  8.3934   0.0121   0.0040   0.0040   0.0040
  8.4184   0.0122   0.0041   0.0041   0.0041
  8.4434   0.0123   0.0041   0.0041   0.0041
  8.4685   0.0125   0.0042   0.0042   0.0042
  8.4935   0.0126   0.0042   0.0042   0.0042
  8.5185   0.0127   0.0042   0.0042   0.0043
  8.5435   0.0129   0.0043   0.0043   0.0043
  8.5686   0.0130   0.0043   0.0043   0.0043
  8.5936   0.0132   0.0044   0.0044   0.0044
  8.6186   0.0133   0.0044   0.0044   0.0044
  8.6436   0.0134   0.0045   0.0045   0.0045
  8.6687   0.0136   0.0045   0.0045   0.0045
  8.6937   0.0138   0.0046   0.0046   0.0046
  8.7187   0.0139   0.0046   0.0046   0.0046
  8.7437   0.0141   0.0047   0.0047   0.0047
  8.7688   0.0142   0.0047   0.0047   0.0048
  8.7938   0.0144   0.0048   0.0048   0.0048
  8.8188   0.0146   0.0049   0.0049   0.0049
  8.8438   0.0148   0.0049   0.0049   0.0049
  8.8689   0.0150   0.0050   0.0050   0.0050
  8.8939   0.0151   0.0050   0.0050   0.0051
  8.9189   0.0153   0.0051   0.0051   0.0051
  8.9439   0.0155   0.0052   0.0052   0.0052
  8.9690   0.0157   0.0052   0.0052   0.0053
  8.9940   0.0160   0.0053   0.0053   0.0053
  9.0190   0.0162   0.0054   0.0054   0.0054
  9.0440   0.0164   0.0055   0.0055   0.0055
  9.0691   0.0166   0.0055   0.0055   0.0056
  9.0941   0.0169   0.0056   0.0056   0.0056
  9.1191   0.0171   0.0057   0.0057   0.0057
  9.1441   0.0173   0.0058   0.0058   0.0058
  9.1692   0.0176   0.0059   0.0059   0.0059
  9.1942   0.0178   0.0059   0.0059   0.0060
  9.2192   0.0181   0.0060   0.0060   0.0061
  9.2442   0.0184   0.0061   0.0061   0.0061
  9.2693   0.0187   0.0062   0.0062   0.0062
  9.2943   0.0190   0.0063   0.0063   0.0063
  9.3193   0.0193   0.0064   0.0064   0.0064
  9.3443   0.0196   0.0065   0.0065   0.0065
  9.3694   0.0199   0.0066   0.0066   0.0066
  9.3944   0.0202   0.0067   0.0067   0.0068
  9.4194   0.0206   0.0068   0.0068   0.0069
  9.4444   0.0209   0.0070   0.0070   0.0070
  9.4695   0.0213   0.0071   0.0071   0.0071
  9.4945   0.0216   0.0072   0.0072   0.0072
  9.5195   0.0220   0.0073   0.0073   0.0074
  9.5445   0.0224   0.0075   0.0075   0.0075
  9.5696   0.0228   0.0076   0.0076   0.0076
  9.5946   0.0232   0.0077   0.0077   0.0078
  9.6196   0.0236   0.0079   0.0079   0.0079
  9.6446   0.0241   0.0080   0.0080   0.0081
  9.6697   0.0245   0.0082   0.0082   0.0082
  9.6947   0.0250   0.0083   0.0083   0.0084
  9.7197   0.0255   0.0085   0.0085   0.0085
  9.7447   0.0260   0.0087   0.0087   0.0087
  9.7698   0.0265   0.0088   0.0088   0.0089
  9.7948   0.0271   0.0090   0.0090   0.0091
  9.8198   0.0276   0.0092   0.0092   0.0093
  9.8448   0.0282   0.0094   0.0094   0.0095
  9.8699   0.0288   0.0096   0.0096   0.0097
  9.8949   0.0295   0.0098   0.0098   0.0099
  9.9199   0.0301   0.0100   0.0100   0.0101
  9.9449   0.0308   0.0102   0.0102   0.0103
  9.9700   0.0315   0.0105   0.0105   0.0106
  9.9950   0.0322   0.0107   0.0107   0.0108
 10.0200   0.0330   0.0110   0.0110   0.0111
 10.0450   0.0337   0.0112   0.0112   0.0113
 10.0701   0.0346   0.0115   0.0115   0.0116
 10.0951   0.0354   0.0118   0.0118   0.0119
 10.1201   0.0363   0.0121   0.0121   0.0122
 10.1451   0.0372   0.0124   0.0124   0.0125
 10.1702   0.0382   0.0127   0.0127   0.0128
 10.1952   0.0392   0.0130   0.0130   0.0132
 10.2202   0.0402   0.0134   0.0134   0.0135
 10.2452   0.0413   0.0137   0.0137   0.0139
 10.2703   0.0425   0.0141   0.0141   0.0143
 10.2953   0.0437   0.0145   0.0145   0.0147
 10.3203   0.0449   0.0149   0.0149   0.0151
 10.3453   0.0462   0.0153   0.0153   0.0156
 10.3704   0.0476   0.0158   0.0158   0.0161
 10.3954   0.0491   0.0162   0.0162   0.0166
 10.4204   0.0506   0.0167   0.0167   0.0171
 10.4454   0.0522   0.0173   0.0173   0.0176
 10.4705   0.0538   0.0178   0.0178   0.0182
 10.4955   0.0556   0.0184   0.0184   0.0188
 10.5205   0.0575   0.0190   0.0190   0.0195
 10.5455   0.0594   0.0196   0.0196   0.0201
 10.5706   0.0615   0.0203   0.0203   0.0209
 10.5956   0.0637   0.0210   0.0210   0.0216
 10.6206   0.0660   0.0218   0.0218   0.0224
 10.6456   0.0684   0.0226   0.0226   0.0233
 10.6707   0.0711   0.0234   0.0234   0.0242
 10.6957   0.0738   0.0243   0.0243   0.0252
 10.7207   0.0768   0.0253   0.0253   0.0262
 10.7457   0.0799   0.0263   0.0263   0.0273
 10.7708   0.0832   0.0274   0.0274   0.0285
 10.7958   0.0868   0.0285   0.0285   0.0298
 10.8208   0.0906   0.0297   0.0297   0.0311
 10.8458   0.0947   0.0310   0.0310   0.0326
 10.8709   0.0991   0.0325   0.0325   0.0342
 10.8959   0.1038   0.0340   0.0340   0.0359
 10.9209   0.1089   0.0356   0.0356   0.0377
 10.9459   0.1144   0.0373   0.0373   0.0398
 10.9710   0.1203   0.0392   0.0392   0.0419
 10.9960   0.1268   0.0412   0.0412   0.0443
 11.0210   0.1338   0.0434   0.0434   0.0469
 11.0460   0.1414   0.0458   0.0458   0.0497
 11.0711   0.1497   0.0484   0.0484   0.0529
 11.0961   0.1588   0.0512   0.0512   0.0563
 11.1211   0.1688   0.0543   0.0543   0.0601
 11.1461   0.1798   0.0577   0.0577   0.0644
 11.1712   0.1919   0.0614   0.0614   0.0691
 11.1962   0.2054   0.0655   0.0655   0.0744
 11.2212   0.2204   0.0700   0.0700   0.0803
 11.2462   0.2371   0.0751   0.0751   0.0870
 11.2713   0.2558   0.0806   0.0806   0.0945
 11.2963   0.2768   0.0869   0.0869   0.1031
 11.3213   0.3006   0.0939   0.0939   0.1128
 11.3463   0.3274   0.1017   0.1017   0.1240
 11.3714   0.3580   0.1106   0.1106   0.1369
 11.3964   0.3928   0.1206   0.1206   0.1516
 11.4214   0.4326   0.1320   0.1320   0.1686
 11.4464   0.4781   0.1450   0.1450   0.1881
 11.4715   0.5302   0.1599   0.1599   0.2104
 11.4965   0.5898   0.1771   0.1771   0.2356
 11.5215   0.6576   0.1969   0.1969   0.2638
 11.5465   0.7339   0.2197   0.2197   0.2945
 11.5716   0.8187   0.2461   0.2461   0.3266
 11.5966   0.9111   0.2764   0.2764   0.3582
 11.6216   1.0093   0.3113   0.3113   0.3868
 11.6466   1.1105   0.3507   0.3507   0.4091
 11.6717   1.2119   0.3947   0.3947   0.4224
 11.6967   1.3102   0.4425   0.4425   0.4252
 11.7217   1.4022   0.4920   0.4920   0.4181
 11.7467   1.4839   0.5403   0.5403   0.4033
 11.7718   1.5497   0.5829   0.5829   0.3839
 11.7968   1.5928   0.6148   0.6148   0.3631
 11.8218   1.6071   0.6317   0.6317   0.3437
 11.8468   1.5904   0.6316   0.6316   0.3272
 11.8719   1.5460   0.6156   0.6156   0.3147
 11.8969   1.4820   0.5875   0.5875   0.3069
 11.9219   1.4091   0.5525   0.5525   0.3041
 11.9469   1.3376   0.5156   0.5156   0.3063
 11.9720   1.2753   0.4807   0.4807   0.3138
 11.9970   1.2275   0.4504   0.4504   0.3266
 12.0220   1.1972   0.4261   0.4261   0.3450
 12.0470   1.1855   0.4083   0.4083   0.3689
 12.0721   1.1920   0.3969   0.3969   0.3982
 12.0971   1.2148   0.3913   0.3913   0.4321
 12.1221   1.2501   0.3905   0.3905   0.4691
 12.1471   1.2920   0.3927   0.3927   0.5066
 12.1722   1.3321   0.3956   0.3956   0.5409
 12.1972   1.3603   0.3965   0.3965   0.5673
 12.2222   1.3669   0.3929   0.3929   0.5811
 12.2472   1.3454   0.3830   0.3830   0.5795
 12.2723   1.2948   0.3664   0.3664   0.5620
 12.2973   1.2198   0.3443   0.3443   0.5313
 12.3223   1.1287   0.3185   0.3185   0.4917
 12.3473   1.0305   0.2914   0.2914   0.4476
 12.3724   0.9326   0.2647   0.2647   0.4032
 12.3974   0.8402   0.2397   0.2397   0.3608
 12.4224   0.7561   0.2170   0.2170   0.3221
 12.4474   0.6814   0.1969   0.1969   0.2877
 12.4725   0.6161   0.1793   0.1793   0.2575
 12.4975   0.5596   0.1641   0.1641   0.2314
 12.5225   0.5110   0.1511   0.1511   0.2089
 12.5475   0.4694   0.1399   0.1399   0.1895
 12.5726   0.4339   0.1304   0.1304   0.1730
 12.5976   0.4037   0.1224   0.1224   0.1588
 12.6226   0.3782   0.1157   0.1157   0.1468
 12.6476   0.3568   0.1101   0.1101   0.1365
 12.6727   0.3389   0.1056   0.1056   0.1277
 12.6977   0.3243   0.1020   0.1020   0.1203
 12.7227   0.3126   0.0993   0.0993   0.1141
 12.7477   0.3037   0.0974   0.0974   0.1090
 12.7728   0.2973   0.0962   0.0962   0.1048
 12.7978   0.2934   0.0959   0.0959   0.1016
 12.8228   0.2919   0.0964   0.0964   0.0992
 12.8478   0.2929   0.0976   0.0976   0.0976
 12.8729   0.2964   0.0998   0.0998   0.0968
 12.8979   0.3027   0.1029   0.1029   0.0969
 12.9229   0.3119   0.1070   0.1070   0.0979
 12.9479   0.3243   0.1123   0.1123   0.0997
 12.9730   0.3404   0.1189   0.1189   0.1026
 12.9980   0.3605   0.1270   0.1270   0.1065
 13.0230   0.3853   0.1368   0.1368   0.1116
 13.0480   0.4153   0.1486   0.1486   0.1181
 13.0731   0.4511   0.1625   0.1625   0.1261
 13.0981   0.4934   0.1788   0.1788   0.1359
 13.1231   0.5424   0.1975   0.1975   0.1474
 13.1481   0.5980   0.2185   0.2185   0.1610
 13.1732   0.6592   0.2414   0.2414   0.1764
 13.1982   0.7236   0.2651   0.2651   0.1933
 13.2232   0.7871   0.2880   0.2880   0.2111
 13.2482   0.8439   0.3077   0.3077   0.2286
 13.2733   0.8873   0.3217   0.3217   0.2439
 13.2983   0.9108   0.3279   0.3279   0.2550
 13.3233   0.9103   0.3251   0.3251   0.2602
 13.3483   0.8857   0.3137   0.3137   0.2584
 13.3734   0.8404   0.2953   0.2953   0.2498
 13.3984   0.7808   0.2724   0.2724   0.2360
 13.4234   0.7137   0.2474   0.2474   0.2189
 13.4484   0.6452   0.2224   0.2224   0.2004
 13.4735   0.5794   0.1986   0.1986   0.1822
 13.4985   0.5190   0.1769   0.1769   0.1653
 13.5235   0.4651   0.1575   0.1575   0.1502
 13.5485   0.4180   0.1404   0.1404   0.1371
 13.5736   0.3773   0.1256   0.1256   0.1261
 13.5986   0.3423   0.1127   0.1127   0.1170
 13.6236   0.3125   0.1015   0.1015   0.1095
 13.6486   0.2870   0.0918   0.0918   0.1034
 13.6737   0.2651   0.0834   0.0834   0.0983
 13.6987   0.2459   0.0761   0.0761   0.0938
 13.7237   0.2289   0.0697   0.0697   0.0895
 13.7487   0.2133   0.0640   0.0640   0.0852
 13.7738   0.1987   0.0591   0.0591   0.0805
 13.7988   0.1849   0.0547   0.0547   0.0755
 13.8238   0.1719   0.0508   0.0508   0.0703
 13.8488   0.1598   0.0473   0.0473   0.0651
 13.8739   0.1485   0.0442   0.0442   0.0601
 13.8989   0.1382   0.0414   0.0414   0.0553
 13.9239   0.1288   0.0389   0.0389   0.0510
 13.9489   0.1203   0.0366   0.0366   0.0471
 13.9740   0.1127   0.0345   0.0345   0.0436
 13.9990   0.1058   0.0327   0.0327   0.0404
 14.0240   0.0995   0.0309   0.0309   0.0376
 14.0490   0.0939   0.0294   0.0294   0.0352
 14.0741   0.0887   0.0279   0.0279   0.0329
 14.0991   0.0841   0.0266   0.0266   0.0309
 14.1241   0.0798   0.0253   0.0253   0.0291
 14.1491   0.0759   0.0242   0.0242   0.0275
 14.1742   0.0723   0.0231   0.0231   0.0261
 14.1992   0.0691   0.0222   0.0222   0.0247
 14.2242   0.0660   0.0212   0.0212   0.0235
 14.2492   0.0632   0.0204   0.0204   0.0224
 14.2743   0.0606   0.0196   0.0196   0.0214
 14.2993   0.0581   0.0189   0.0189   0.0204
 14.3243   0.0559   0.0182   0.0182   0.0196
 14.3493   0.0538   0.0175   0.0175   0.0188
 14.3744   0.0518   0.0169   0.0169   0.0180
 14.3994   0.0499   0.0163   0.0163   0.0173
 14.4244   0.0482   0.0157   0.0157   0.0167
 14.4494   0.0465   0.0152   0.0152   0.0161
 14.4745   0.0450   0.0147   0.0147   0.0155
 14.4995   0.0435   0.0143   0.0143   0.0150
 14.5245   0.0422   0.0138   0.0138   0.0145
 14.5495   0.0409   0.0134   0.0134   0.0140
 14.5746   0.0396   0.0130   0.0130   0.0136
 14.5996   0.0384   0.0127   0.0127   0.0131
 14.6246   0.0373   0.0123   0.0123   0.0127
 14.6496   0.0363   0.0120   0.0120   0.0124
 14.6747   0.0353   0.0116   0.0116   0.0120
 14.6997   0.0343   0.0113   0.0113   0.0117
 14.7247   0.0334   0.0110   0.0110   0.0113
 14.7497   0.0325   0.0107   0.0107   0.0110
 14.7748   0.0317   0.0105   0.0105   0.0107
 14.7998   0.0309   0.0102   0.0102   0.0105
 14.8248   0.0301   0.0100   0.0100   0.0102
 14.8498   0.0294   0.0097   0.0097   0.0099
 14.8749   0.0287   0.0095   0.0095   0.0097
 14.8999   0.0280   0.0093   0.0093   0.0095
 14.9249   0.0274   0.0091   0.0091   0.0092
 14.9499   0.0268   0.0089   0.0089   0.0090
 14.9750   0.0262   0.0087   0.0087   0.0088
 15.0000   0.0256   0.0085   0.0085   0.0086
