# E  sum  T1  T2  T3 ...
-10.0000   0.0245   0.0082   0.0082   0.0082
 -9.9750   0.0248   0.0083   0.0083   0.0083
 -9.9499   0.0251   0.0084   0.0084   0.0084
 -9.9249   0.0254   0.0085   0.0085   0.0085
 -9.8999   0.0257   0.0086   0.0086   0.0086
 -9.8749   0.0260   0.0087   0.0087   0.0087
 -9.8498   0.0263   0.0088   0.0088   0.0088
 -9.8248   0.0266   0.0089   0.0089   0.0089
 -9.7998   0.0270   0.0090   0.0090   0.0090
 -9.7748   0.0273   0.0091   0.0091   0.0091
 -9.7497   0.0277   0.0092   0.0092   0.0092
 -9.7247   0.0280   0.0093   0.0093   0.0093
 -9.6997   0.0284   0.0095   0.0095   0.0095
 -9.6747   0.0287   0.0096   0.0096   0.0096
 -9.6496   0.0291   0.0097   0.0097   0.0097
 -9.6246   0.0295   0.0098   0.0098   0.0098
 -9.5996   0.0299   0.0100   0.0100   0.0100
 -9.5746   0.0303   0.0101   0.0101   0.0101
 -9.5495   0.0307   0.0102   0.0102   0.0102
 -9.5245   0.0311   0.0104   0.0104   0.0104
 -9.4995   0.0315   0.0105   0.0105   0.0105
 -9.4745   0.0319   0.0106   0.0106   0.0106
 -9.4494   0.0324   0.0108   0.0108   0.0108
 -9.4244   0.0328   0.0109   0.0109   0.0109
 -9.3994   0.0333   0.0111   0.0111   0.0111
 -9.3744   0.0337   0.0112   0.0112   0.0112
 -9.3493   0.0342   0.0114   0.0114   0.0114
 -9.3243   0.0347   0.0116   0.0116   0.0116
 -9.2993   0.0352   0.0117   0.0117   0.0117
 -9.2743   0.0357   0.0119   0.0119   0.0119
 -9.2492   0.0362   0.0121   0.0121   0.0121
 -9.2242   0.0367   0.0122   0.0122   0.0122
 -9.1992   0.0373   0.0124   0.0124   0.0124
 -9.1742   0.0378   0.0126   0.0126   0.0126
 -9.1491   0.0384   0.0128   0.0128   0.0128
 -9.1241   0.0390   0.0130   0.0130   0.0130
 -9.0991   0.0395   0.0132   0.0132   0.0132
 -9.0741   0.0401   0.0134   0.0134   0.0134
 -9.0490   0.0408   0.0136   0.0136   0.0136
 -9.0240   0.0414   0.0138   0.0138   0.0138
 -8.9990   0.0421   0.0140   0.0140   0.0140
 -8.9740   0.0427   0.0142   0.0142   0.0142
 -8.9489   0.0434   0.0145   0.0145   0.0145
 -8.9239   0.0441   0.0147   0.0147   0.0147
 -8.8989   0.0448   0.0149   0.0149   0.0149
 -8.8739   0.0455   0.0152   0.0152   0.0152
 -8.8488   0.0463   0.0154   0.0154   0.0154
 -8.8238   0.0471   0.0157   0.0157   0.0157
 -8.7988   0.0479   0.0160   0.0160   0.0160
 -8.7738   0.0487   0.0162   0.0162   0.0162
 -8.7487   0.0495   0.0165   0.0165   0.0165
 -8.7237   0.0504   0.0168   0.0168   0.0168
 -8.6987   0.0512   0.0171   0.0171   0.0171
 -8.6737   0.0521   0.0174   0.0174   0.0174
 -8.6486   0.0531   0.0177   0.0177   0.0177
 -8.6236   0.0540   0.0180   0.0180   0.0180
 -8.5986   0.0550   0.0183   0.0183   0.0183
 -8.5736   0.0560   0.0187   0.0187   0.0187
 -8.5485   0.0570   0.0190   0.0190   0.0190
 -8.5235   0.0581   0.0194   0.0194   0.0194
 -8.4985   0.0592   0.0197   0.0197   0.0197
 -8.4735   0.0603   0.0201   0.0201   0.0201
 -8.4484   0.0614   0.0205   0.0205   0.0205
 -8.4234   0.0626   0.0209   0.0209   0.0209
 -8.3984   0.0639   0.0213   0.0213   0.0213
 -8.3734   0.0651   0.0217   0.0217   0.0217
 -8.3483   0.0664   0.0221   0.0221   0.0221
 -8.3233   0.0678   0.0226   0.0226   0.0226
 -8.2983   0.0691   0.0230   0.0230   0.0231
 -8.2733   0.0706   0.0235   0.0235   0.0235
 -8.2482   0.0720   0.0240   0.0240   0.0240
 -8.2232   0.0735   0.0245   0.0245   0.0245
 -8.1982   0.0751   0.0250   0.0250   0.0250
 -8.1732   0.0767   0.0256   0.0256   0.0256
 -8.1481   0.0784   0.0261   0.0261   0.0261
 -8.1231   0.0801   0.0267   0.0267   0.0267
 -8.0981   0.0819   0.0273   0.0273   0.0273
 -8.0731   0.0838   0.0279   0.0279   0.0279
 -8.0480   0.0857   0.0285   0.0285   0.0286
 -8.0230   0.0876   0.0292   0.0292   0.0292
 -7.9980   0.0897   0.0299   0.0299   0.0299
 -7.9730   0.0918   0.0306   0.0306   0.0306
 -7.9479   0.0940   0.0313   0.0313   0.0314
 -7.9229   0.0963   0.0321   0.0321   0.0321
 -7.8979   0.0987   0.0329   0.0329   0.0329
 -7.8729   0.1011   0.0337   0.0337   0.0337
 -7.8478   0.1037   0.0345   0.0345   0.0346
 -7.8228   0.1063   0.0354   0.0354   0.0355
 -7.7978   0.1091   0.0363   0.0363   0.0364
 -7.7728   0.1119   0.0373   0.0373   0.0373
 -7.7477   0.1149   0.0383   0.0383   0.0383
 -7.7227   0.1180   0.0393   0.0393   0.0394
 -7.6977   0.1212   0.0404   0.0404   0.0404
 -7.6727   0.1246   0.0415   0.0415   0.0416
 -7.6476   0.1281   0.0427   0.0427   0.0427
 -7.6226   0.1318   0.0439   0.0439   0.0440
 -7.5976   0.1356   0.0452   0.0452   0.0452
 -7.5726   0.1396   0.0465   0.0465   0.0466
 -7.5475   0.1437   0.0479   0.0479   0.0480
 -7.5225   0.1481   0.0493   0.0493   0.0494
 -7.4975   0.1527   0.0509   0.0509   0.0510
 -7.4725   0.1574   0.0524   0.0524   0.0526
 -7.4474   0.1625   0.0541   0.0541   0.0542
 -7.4224   0.1677   0.0559   0.0559   0.0560
 -7.3974   0.1732   0.0577   0.0577   0.0578
 -7.3724   0.1790   0.0596   0.0596   0.0598
 -7.3473   0.1851   0.0617   0.0617   0.0618
 -7.3223   0.1916   0.0638   0.0638   0.0640
 -7.2973   0.1983   0.0661   0.0661   0.0662
 -7.2723   0.2055   0.0684   0.0684   0.0686
 -7.2472   0.2130   0.0709   0.0709   0.0711
 -7.2222   0.2209   0.0736   0.0736   0.0738
 -7.1972   0.2293   0.0764   0.0764   0.0766
 -7.1722   0.2382   0.0793   0.0793   0.0796
 -7.1471   0.2477   0.0825   0.0825   0.0827
 -7.1221   0.2577   0.0858   0.0858   0.0861
 -7.0971   0.2683   0.0893   0.0893   0.0896
 -7.0721   0.2796   0.0931   0.0931   0.0934
 -7.0470   0.2916   0.0971   0.0971   0.0975
 -7.0220   0.3045   0.1013   0.1013   0.1018
 -6.9970   0.3181   0.1059   0.1059   0.1064
 -6.9720   0.3328   0.1108   0.1108   0.1113
 -6.9469   0.3485   0.1160   0.1160   0.1165
 -6.9219   0.3653   0.1216   0.1216   0.1222
 -6.8969   0.3833   0.1275   0.1275   0.1282
 -6.8719   0.4027   0.1340   0.1340   0.1347
 -6.8468   0.4236   0.1409   0.1409   0.1417
 -6.8218   0.4462   0.1484   0.1484   0.1493
 -6.7968   0.4706   0.1566   0.1566   0.1575
 -6.7718   0.4971   0.1653   0.1653   0.1664
 -6.7467   0.5259   0.1749   0.1749   0.1761
 -6.7217   0.5571   0.1853   0.1853   0.1866
 -6.6967   0.5913   0.1966   0.1966   0.1981
 -6.6717   0.6286   0.2090   0.2090   0.2107
 -6.6466   0.6695   0.2225   0.2225   0.2245
 -6.6216   0.7145   0.2374   0.2374   0.2396
 -6.5966   0.7640   0.2538   0.2538   0.2563
 -6.5716   0.8188   0.2720   0.2720   0.2748
 -6.5465   0.8795   0.2921   0.2921   0.2953
 -6.5215   0.9470   0.3144   0.3144   0.3181
 -6.4965   1.0223   0.3394   0.3394   0.3435
 -6.4715   1.1066   0.3672   0.3672   0.3721
 -6.4464   1.2013   0.3986   0.3986   0.4041
 -6.4214   1.3080   0.4339   0.4339   0.4403
 -6.3964   1.4289   0.4738   0.4738   0.4813
 -6.3714   1.5661   0.5191   0.5191   0.5279
 -6.3463   1.7227   0.5708   0.5708   0.5810
 -6.3213   1.9019   0.6300   0.6300   0.6419
 -6.2963   2.1077   0.6979   0.6979   0.7119
 -6.2713   2.3449   0.7761   0.7761   0.7927
 -6.2462   2.6189   0.8665   0.8665   0.8859
 -6.2212   2.9360   0.9711   0.9711   0.9938
 -6.1962   3.3029   1.0922   1.0922   1.1186
 -6.1712   3.7266   1.2321   1.2321   1.2624
 -6.1461   4.2133   1.3931   1.3931   1.4271
 -6.1211   4.7669   1.5767   1.5767   1.6135
 -6.0961   5.3861   1.7828   1.7828   1.8205
 -6.0711   6.0611   2.0088   2.0088   2.0435
 -6.0460   6.7690   2.2477   2.2477   2.2737
 -6.0210   7.4702   2.4869   2.4869   2.4964
 -5.9960   8.1087   2.7079   2.7079   2.6929
 -5.9710   8.6179   2.8876   2.8876   2.8426
 -5.9459   8.9340   3.0027   3.0027   2.9286
 -5.9209   9.0130   3.0360   3.0360   2.9411
 -5.8959   8.8431   2.9815   2.9815   2.8800
 -5.8709   8.4491   2.8477   2.8477   2.7537
 -5.8458   7.8845   2.6538   2.6538   2.5768
 -5.8208   7.2160   2.4244   2.4244   2.3673
 -5.7958   6.5075   2.1822   2.1822   2.1431
 -5.7708   5.8091   1.9448   1.9448   1.9194
 -5.7457   5.1538   1.7233   1.7233   1.7073
 -5.7207   4.5592   1.5231   1.5231   1.5130
 -5.6957   4.0315   1.3460   1.3460   1.3395
 -5.6707   3.5695   1.1914   1.1914   1.1868
 -5.6456   3.1684   1.0573   1.0573   1.0538
 -5.6206   2.8215   0.9415   0.9415   0.9385
 -5.5956   2.5219   0.8415   0.8415   0.8388
 -5.5706   2.2629   0.7551   0.7551   0.7526
 -5.5455   2.0387   0.6804   0.6804   0.6780
 -5.5205   1.8440   0.6154   0.6154   0.6132
 -5.4955   1.6745   0.5589   0.5589   0.5567
 -5.4705   1.5262   0.5094   0.5094   0.5074
 -5.4454   1.3962   0.4660   0.4660   0.4641
 -5.4204   1.2816   0.4278   0.4278   0.4260
 -5.3954   1.1804   0.3940   0.3940   0.3923
 -5.3704   1.0907   0.3641   0.3641   0.3625
 -5.3453   1.0108   0.3374   0.3374   0.3360
 -5.3203   0.9395   0.3136   0.3136   0.3123
 -5.2953   0.8756   0.2922   0.2922   0.2911
 -5.2703   0.8182   0.2731   0.2731   0.2720
 -5.2452   0.7665   0.2558   0.2558   0.2549
 -5.2202   0.7198   0.2402   0.2402   0.2394
 -5.1952   0.6775   0.2261   0.2261   0.2254
 -5.1702   0.6392   0.2132   0.2132   0.2127
 -5.1451   0.6043   0.2016   0.2016   0.2012
 -5.1201   0.5725   0.1909   0.1909   0.1907
 -5.0951   0.5435   0.1812   0.1812   0.1811
 -5.0701   0.5170   0.1724   0.1724   0.1723
 -5.0450   0.4928   0.1642   0.1642   0.1643
 -5.0200   0.4706   0.1568   0.1568   0.1570
 -4.9950   0.4502   0.1500   0.1500   0.1503
 -4.9700   0.4315   0.1437   0.1437   0.1441
 -4.9449   0.4143   0.1379   0.1379   0.1385
 -4.9199   0.3986   0.1326   0.1326   0.1333
 -4.8949   0.3841   0.1278   0.1278   0.1286
 -4.8699   0.3708   0.1233   0.1233   0.1242
 -4.8448   0.3587   0.1192   0.1192   0.1203
 -4.8198   0.3476   0.1154   0.1154   0.1167
 -4.7948   0.3374   0.1120   0.1120   0.1134
 -4.7698   0.3282   0.1089   0.1089   0.1104
 -4.7447   0.3198   0.1060   0.1060   0.1077
 -4.7197   0.3122   0.1034   0.1034   0.1053
 -4.6947   0.3054   0.1011   0.1011   0.1032
 -4.6697   0.2994   0.0990   0.0990   0.1013
 -4.6446   0.2941   0.0972   0.0972   0.0997
 -4.6196   0.2895   0.0956   0.0956   0.0983
 -4.5946   0.2856   0.0942   0.0942   0.0971
 -4.5696   0.2824   0.0931   0.0931   0.0962
 -4.5445   0.2799   0.0921   0.0921   0.0956
 -4.5195   0.2781   0.0914   0.0914   0.0952
 -4.4945   0.2770   0.0909   0.0909   0.0951
 -4.4695   0.2766   0.0907   0.0907   0.0952
 -4.4444   0.2770   0.0907   0.0907   0.0956
 -4.4194   0.2782   0.0909   0.0909   0.0963
 -4.3944   0.2802   0.0914   0.0914   0.0973
 -4.3694   0.2831   0.0922   0.0922   0.0987
 -4.3443   0.2870   0.0933   0.0933   0.1004
 -4.3193   0.2919   0.0947   0.0947   0.1025
 -4.2943   0.2979   0.0965   0.0965   0.1050
 -4.2693   0.3052   0.0986   0.0986   0.1080
 -4.2442   0.3138   0.1011   0.1011   0.1116
 -4.2192   0.3240   0.1042   0.1042   0.1157
 -4.1942   0.3359   0.1077   0.1077   0.1206
 -4.1692   0.3498   0.1118   0.1118   0.1262
 -4.1441   0.3659   0.1166   0.1166   0.1327
 -4.1191   0.3845   0.1221   0.1221   0.1402
 -4.0941   0.4060   0.1286   0.1286   0.1489
 -4.0691   0.4309   0.1360   0.1360   0.1589
 -4.0440   0.4598   0.1446   0.1446   0.1706
 -4.0190   0.4932   0.1545   0.1545   0.1842
 -3.9940   0.5320   0.1660   0.1660   0.1999
 -3.9690   0.5770   0.1794   0.1794   0.2182
 -3.9439   0.6294   0.1949   0.1949   0.2396
 -3.9189   0.6903   0.2130   0.2130   0.2644
 -3.8939   0.7612   0.2339   0.2339   0.2934
 -3.8689   0.8432   0.2582   0.2582   0.3269
 -3.8438   0.9379   0.2862   0.2862   0.3655
 -3.8188   1.0459   0.3183   0.3183   0.4093
 -3.7938   1.1673   0.3546   0.3546   0.4582
 -3.7688   1.3005   0.3947   0.3947   0.5110
 -3.7437   1.4416   0.4380   0.4380   0.5656
 -3.7187   1.5836   0.4827   0.4827   0.6181
 -3.6937   1.7169   0.5266   0.5266   0.6636
 -3.6687   1.8304   0.5669   0.5669   0.6966
 -3.6436   1.9144   0.6010   0.6010   0.7124
 -3.6186   1.9634   0.6271   0.6271   0.7091
 -3.5936   1.9766   0.6443   0.6443   0.6880
 -3.5686   1.9566   0.6519   0.6519   0.6527
 -3.5435   1.9068   0.6494   0.6494   0.6080
 -3.5185   1.8301   0.6360   0.6360   0.5582
 -3.4935   1.7294   0.6113   0.6113   0.5068
 -3.4685   1.6095   0.5766   0.5766   0.4564
 -3.4434   1.4771   0.5342   0.5342   0.4088
 -3.4184   1.3400   0.4875   0.4875   0.3650
 -3.3934   1.2055   0.4400   0.4400   0.3256
 -3.3684   1.0788   0.3941   0.3941   0.2906
 -3.3433   0.9632   0.3516   0.3516   0.2599
 -3.3183   0.8599   0.3134   0.3134   0.2331
 -3.2933   0.7689   0.2795   0.2795   0.2099
 -3.2683   0.6895   0.2499   0.2499   0.1897
 -3.2432   0.6204   0.2241   0.2241   0.1721
 -3.2182   0.5603   0.2017   0.2017   0.1568
 -3.1932   0.5081   0.1823   0.1823   0.1434
 -3.1682   0.4627   0.1655   0.1655   0.1317
 -3.1431   0.4230   0.1508   0.1508   0.1214
 -3.1181   0.3882   0.1380   0.1380   0.1122
 -3.0931   0.3576   0.1267   0.1267   0.1041
 -3.0681   0.3305   0.1168   0.1168   0.0969
 -3.0430   0.3066   0.1081   0.1081   0.0905
 -3.0180   0.2852   0.1003   0.1003   0.0847
 -2.9930   0.2662   0.0934   0.0934   0.0795
 -2.9680   0.2491   0.0872   0.0872   0.0747
 -2.9429   0.2337   0.0816   0.0816   0.0705
 -2.9179   0.2198   0.0766   0.0766   0.0666
 -2.8929   0.2073   0.0721   0.0721   0.0631
 -2.8679   0.1958   0.0680   0.0680   0.0598
 -2.8428   0.1854   0.0643   0.0643   0.0569
 -2.8178   0.1759   0.0609   0.0609   0.0541
 -2.7928   0.1671   0.0578   0.0578   0.0516
 -2.7678   0.1591   0.0549   0.0549   0.0493
 -2.7427   0.1517   0.0523   0.0523   0.0471
 -2.7177   0.1449   0.0499   0.0499   0.0451
 -2.6927   0.1386   0.0476   0.0476   0.0433
 -2.6677   0.1327   0.0456   0.0456   0.0416
 -2.6426   0.1272   0.0437   0.0437   0.0399
 -2.6176   0.1222   0.0419   0.0419   0.0384
 -2.5926   0.1174   0.0402   0.0402   0.0370
 -2.5676   0.1130   0.0386   0.0386   0.0357
 -2.5425   0.1088   0.0372   0.0372   0.0344
 -2.5175   0.1050   0.0358   0.0358   0.0333
 -2.4925   0.1013   0.0346   0.0346   0.0322
 -2.4675   0.0979   0.0334   0.0334   0.0311
 -2.4424   0.0946   0.0322   0.0322   0.0301
 -2.4174   0.0916   0.0312   0.0312   0.0292
 -2.3924   0.0887   0.0302   0.0302   0.0283
 -2.3674   0.0859   0.0292   0.0292   0.0275
 -2.3423   0.0833   0.0283   0.0283   0.0267
 -2.3173   0.0809   0.0275   0.0275   0.0259
 -2.2923   0.0786   0.0267   0.0267   0.0252
 -2.2673   0.0763   0.0259   0.0259   0.0245
 -2.2422   0.0742   0.0252   0.0252   0.0239
 -2.2172   0.0722   0.0245   0.0245   0.0233
 -2.1922   0.0703   0.0238   0.0238   0.0227
 -2.1672   0.0685   0.0232   0.0232   0.0221
 -2.1421   0.0667   0.0226   0.0226   0.0216
 -2.1171   0.0651   0.0220   0.0220   0.0210
 -2.0921   0.0635   0.0215   0.0215   0.0205
 -2.0671   0.0619   0.0209   0.0209   0.0201
 -2.0420   0.0605   0.0204   0.0204   0.0196
 -2.0170   0.0591   0.0200   0.0200   0.0192
 -1.9920   0.0577   0.0195   0.0195   0.0187
 -1.9670   0.0564   0.0190   0.0190   0.0183
 -1.9419   0.0552   0.0186   0.0186   0.0179
 -1.9169   0.0540   0.0182   0.0182   0.0176
 -1.8919   0.0528   0.0178   0.0178   0.0172
 -1.8669   0.0517   0.0174   0.0174   0.0169
 -1.8418   0.0507   0.0171   0.0171   0.0165
 -1.8168   0.0496   0.0167   0.0167   0.0162
 -1.7918   0.0486   0.0164   0.0164   0.0159
 -1.7668   0.0477   0.0161   0.0161   0.0156
 -1.7417   0.0468   0.0157   0.0157   0.0153
 -1.7167   0.0459   0.0154   0.0154   0.0150
 -1.6917   0.0450   0.0151   0.0151   0.0147
 -1.6667   0.0442   0.0149   0.0149   0.0145
 -1.6416   0.0434   0.0146   0.0146   0.0142
 -1.6166   0.0426   0.0143   0.0143   0.0139
 -1.5916   0.0418   0.0141   0.0141   0.0137
 -1.5666   0.0411   0.0138   0.0138   0.0135
 -1.5415   0.0404   0.0136   0.0136   0.0132
 -1.5165   0.0397   0.0133   0.0133   0.0130
 -1.4915   0.0390   0.0131   0.0131   0.0128
 -1.4665   0.0384   0.0129   0.0129   0.0126
 -1.4414   0.0377   0.0127   0.0127   0.0124
 -1.4164   0.0371   0.0125   0.0125   0.0122
 -1.3914   0.0365   0.0123   0.0123   0.0120
 -1.3664   0.0360   0.0121   0.0121   0.0118
 -1.3413   0.0354   0.0119   0.0119   0.0116
 -1.3163   0.0349   0.0117   0.0117   0.0115
 -1.2913   0.0343   0.0115   0.0115   0.0113
 -1.2663   0.0338   0.0113   0.0113   0.0111
 -1.2412   0.0333   0.0112   0.0112   0.0110
 -1.2162   0.0328   0.0110   0.0110   0.0108
 -1.1912   0.0323   0.0108   0.0108   0.0107
 -1.1662   0.0319   0.0107   0.0107   0.0105
 -1.1411   0.0314   0.0105   0.0105   0.0104
 -1.1161   0.0310   0.0104   0.0104   0.0102
 -1.0911   0.0306   0.0102   0.0102   0.0101
 -1.0661   0.0301   0.0101   0.0101   0.0100
 -1.0410   0.0297   0.0100   0.0100   0.0098
 -1.0160   0.0293   0.0098   0.0098   0.0097
 -0.9910   0.0289   0.0097   0.0097   0.0096
 -0.9660   0.0286   0.0096   0.0096   0.0095
 -0.9409   0.0282   0.0094   0.0094   0.0093
 -0.9159   0.0278   0.0093   0.0093   0.0092
 -0.8909   0.0275   0.0092   0.0092   0.0091
 -0.8659   0.0271   0.0091   0.0091   0.0090
 -0.8408   0.0268   0.0090   0.0090   0.0089
 -0.8158   0.0265   0.0089   0.0089   0.0088
 -0.7908   0.0262   0.0087   0.0087   0.0087
 -0.7658   0.0258   0.0086   0.0086   0.0086
 -0.7407   0.0255   0.0085   0.0085   0.0085
 -0.7157   0.0252   0.0084   0.0084   0.0084
 -0.6907   0.0250   0.0083   0.0083   0.0083
 -0.6657   0.0247   0.0082   0.0082   0.0082
 -0.6406   0.0244   0.0081   0.0081   0.0081
 -0.6156   0.0241   0.0080   0.0080   0.0080
 -0.5906   0.0239   0.0080   0.0080   0.0079
 -0.5656   0.0236   0.0079   0.0079   0.0079
 -0.5405   0.0233   0.0078   0.0078   0.0078
 -0.5155   0.0231   0.0077   0.0077   0.0077
 -0.4905   0.0228   0.0076   0.0076   0.0076
 -0.4655   0.0226   0.0075   0.0075   0.0075
 -0.4404   0.0224   0.0075   0.0075   0.0075
 -0.4154   0.0222   0.0074   0.0074   0.0074
 -0.3904   0.0219   0.0073   0.0073   0.0073
 -0.3654   0.0217   0.0072   0.0072   0.0073
 -0.3403   0.0215   0.0072   0.0072   0.0072
 -0.3153   0.0213   0.0071   0.0071   0.0071
 -0.2903   0.0211   0.0070   0.0070   0.0071
 -0.2653   0.0209   0.0070   0.0070   0.0070
 -0.2402   0.0207   0.0069   0.0069   0.0069
 -0.2152   0.0205   0.0068   0.0068   0.0069
 -0.1902   0.0203   0.0068   0.0068   0.0068
 -0.1652   0.0201   0.0067   0.0067   0.0068
 -0.1401   0.0200   0.0066   0.0066   0.0067
 -0.1151   0.0198   0.0066   0.0066   0.0066
 -0.0901   0.0196   0.0065   0.0065   0.0066
 -0.0651   0.0195   0.0065   0.0065   0.0065
 -0.0400   0.0193   0.0064   0.0064   0.0065
 -0.0150   0.0192   0.0064   0.0064   0.0064
  0.0100   0.0190   0.0063   0.0063   0.0064
  0.0350   0.0189   0.0062   0.0062   0.0064
  0.0601   0.0187   0.0062   0.0062   0.0063
  0.0851   0.0186   0.0061   0.0061   0.0063
  0.1101   0.0184   0.0061   0.0061   0.0062
  0.1351   0.0183   0.0061   0.0061   0.0062
  0.1602   0.0182   0.0060   0.0060   0.0062
  0.1852   0.0180   0.0060   0.0060   0.0061
  0.2102   0.0179   0.0059   0.0059   0.0061
  0.2352   0.0178   0.0059   0.0059   0.0060
  0.2603   0.0177   0.0058   0.0058   0.0060
  0.2853   0.0176   0.0058   0.0058   0.0060
  0.3103   0.0175   0.0058   0.0058   0.0060
  0.3353   0.0174   0.0057   0.0057   0.0059
  0.3604   0.0173   0.0057   0.0057   0.0059
  0.3854   0.0172   0.0057   0.0057   0.0059
  0.4104   0.0171   0.0056   0.0056   0.0059
  0.4354   0.0170   0.0056   0.0056   0.0058
  0.4605   0.0169   0.0056   0.0056   0.0058
  0.4855   0.0169   0.0055   0.0055   0.0058
  0.5105   0.0168   0.0055   0.0055   0.0058
  0.5355   0.0167   0.0055   0.0055   0.0058
  0.5606   0.0167   0.0055   0.0055   0.0058
  0.5856   0.0166   0.0054   0.0054   0.0058
  0.6106   0.0166   0.0054   0.0054   0.0057
  0.6356   0.0165   0.0054   0.0054   0.0057
  0.6607   0.0165   0.0054   0.0054   0.0057
  0.6857   0.0164   0.0053   0.0053   0.0057
  0.7107   0.0164   0.0053   0.0053   0.0057
  0.7357   0.0164   0.0053   0.0053   0.0058
  0.7608   0.0164   0.0053   0.0053   0.0058
  0.7858   0.0164   0.0053   0.0053   0.0058
  0.8108   0.0164   0.0053   0.0053   0.0058
  0.8358   0.0164   0.0053   0.0053   0.0058
  0.8609   0.0164   0.0053   0.0053   0.0058
  0.8859   0.0164   0.0053   0.0053   0.0059
  0.9109   0.0165   0.0053   0.0053   0.0059
  0.9359   0.0165   0.0053   0.0053   0.0059
  0.9610   0.0166   0.0053   0.0053   0.0060
  0.9860   0.0166   0.0053   0.0053   0.0060
  1.0110   0.0167   0.0053   0.0053   0.0061
  1.0360   0.0168   0.0053   0.0053   0.0061
  1.0611   0.0169   0.0054   0.0054   0.0062
  1.0861   0.0170   0.0054   0.0054   0.0063
  1.1111   0.0172   0.0054   0.0054   0.0064
  1.1361   0.0174   0.0054   0.0054   0.0065
  1.1612   0.0176   0.0055   0.0055   0.0066
  1.1862   0.0178   0.0055   0.0055   0.0067
  1.2112   0.0180   0.0056   0.0056   0.0068
  1.2362   0.0183   0.0057   0.0057   0.0070
  1.2613   0.0186   0.0057   0.0057   0.0071
  1.2863   0.0189   0.0058   0.0058   0.0073
  1.3113   0.0193   0.0059   0.0059   0.0075
  1.3363   0.0198   0.0060   0.0060   0.0078
  1.3614   0.0203   0.0061   0.0061   0.0080
  1.3864   0.0208   0.0063   0.0063   0.0083
  1.4114   0.0214   0.0064   0.0064   0.0086
  1.4364   0.0222   0.0066   0.0066   0.0090
  1.4615   0.0230   0.0068   0.0068   0.0094
  1.4865   0.0239   0.0070   0.0070   0.0099
  1.5115   0.0249   0.0073   0.0073   0.0104
  1.5365   0.0261   0.0076   0.0076   0.0110
  1.5616   0.0275   0.0079   0.0079   0.0117
  1.5866   0.0290   0.0083   0.0083   0.0125
  1.6116   0.0308   0.0087   0.0087   0.0134
  1.6366   0.0329   0.0092   0.0092   0.0144
  1.6617   0.0353   0.0098   0.0098   0.0156
  1.6867   0.0381   0.0105   0.0105   0.0170
  1.7117   0.0414   0.0114   0.0114   0.0187
  1.7367   0.0451   0.0123   0.0123   0.0206
  1.7618   0.0495   0.0134   0.0134   0.0227
  1.7868   0.0546   0.0147   0.0147   0.0253
  1.8118   0.0603   0.0161   0.0161   0.0281
  1.8368   0.0668   0.0177   0.0177   0.0314
  1.8619   0.0739   0.0195   0.0195   0.0349
  1.8869   0.0813   0.0213   0.0213   0.0386
  1.9119   0.0886   0.0232   0.0232   0.0423
  1.9369   0.0952   0.0248   0.0248   0.0456
  1.9620   0.1003   0.0261   0.0261   0.0481
  1.9870   0.1029   0.0267   0.0267   0.0495
  2.0120   0.1028   0.0267   0.0267   0.0494
  2.0370   0.1000   0.0260   0.0260   0.0480
  2.0621   0.0948   0.0247   0.0247   0.0454
  2.0871   0.0881   0.0230   0.0230   0.0421
  2.1121   0.0806   0.0211   0.0211   0.0384
  2.1371   0.0732   0.0193   0.0193   0.0346
  2.1622   0.0660   0.0175   0.0175   0.0311
  2.1872   0.0595   0.0159   0.0159   0.0278
  2.2122   0.0537   0.0144   0.0144   0.0249
  2.2372   0.0487   0.0132   0.0132   0.0224
  2.2623   0.0442   0.0121   0.0121   0.0201
  2.2873   0.0404   0.0111   0.0111   0.0182
  2.3123   0.0371   0.0103   0.0103   0.0166
  2.3373   0.0343   0.0096   0.0096   0.0151
  2.3624   0.0318   0.0090   0.0090   0.0139
  2.3874   0.0297   0.0084   0.0084   0.0128
  2.4124   0.0279   0.0080   0.0080   0.0119
  2.4374   0.0262   0.0076   0.0076   0.0111
  2.4625   0.0248   0.0072   0.0072   0.0104
  2.4875   0.0236   0.0069   0.0069   0.0097
  2.5125   0.0225   0.0067   0.0067   0.0092
  2.5375   0.0215   0.0064   0.0064   0.0087
  2.5626   0.0207   0.0062   0.0062   0.0082
  2.5876   0.0199   0.0061   0.0061   0.0078
  2.6126   0.0193   0.0059   0.0059   0.0075
  2.6376   0.0187   0.0058   0.0058   0.0071
  2.6627   0.0182   0.0057   0.0057   0.0069
  2.6877   0.0177   0.0055   0.0055   0.0066
  2.7127   0.0173   0.0055   0.0055   0.0064
  2.7377   0.0169   0.0054   0.0054   0.0061
  2.7628   0.0166   0.0053   0.0053   0.0059
  2.7878   0.0163   0.0053   0.0053   0.0058
  2.8128   0.0160   0.0052   0.0052   0.0056
  2.8378   0.0158   0.0052   0.0052   0.0054
  2.8629   0.0156   0.0052   0.0052   0.0053
  2.8879   0.0155   0.0052   0.0052   0.0052
  2.9129   0.0154   0.0052   0.0052   0.0050
  2.9379   0.0153   0.0052   0.0052   0.0049
  2.9630   0.0152   0.0052   0.0052   0.0048
  2.9880   0.0152   0.0052   0.0052   0.0047
  3.0130   0.0152   0.0053   0.0053   0.0046
  3.0380   0.0152   0.0053   0.0053   0.0046
  3.0631   0.0152   0.0054   0.0054   0.0045
  3.0881   0.0153   0.0055   0.0055   0.0044
  3.1131   0.0154   0.0055   0.0055   0.0043
  3.1381   0.0156   0.0057   0.0057   0.0043
  3.1632   0.0158   0.0058   0.0058   0.0042
  3.1882   0.0160   0.0059   0.0059   0.0042
  3.2132   0.0163   0.0061   0.0061   0.0041
  3.2382   0.0166   0.0063   0.0063   0.0041
  3.2633   0.0170   0.0065   0.0065   0.0040
  3.2883   0.0175   0.0068   0.0068   0.0040
  3.3133   0.0180   0.0070   0.0070   0.0040
  3.3383   0.0187   0.0074   0.0074   0.0039
  3.3634   0.0194   0.0077   0.0077   0.0039
  3.3884   0.0203   0.0082   0.0082   0.0039
  3.4134   0.0212   0.0087   0.0087   0.0039
  3.4384   0.0224   0.0093   0.0093   0.0038
  3.4635   0.0237   0.0099   0.0099   0.0038
  3.4885   0.0253   0.0107   0.0107   0.0038
  3.5135   0.0271   0.0116   0.0116   0.0038
  3.5385   0.0292   0.0127   0.0127   0.0038
  3.5636   0.0316   0.0139   0.0139   0.0038
  3.5886   0.0345   0.0153   0.0153   0.0038
  3.6136   0.0378   0.0170   0.0170   0.0038
  3.6386   0.0415   0.0188   0.0188   0.0038
  3.6637   0.0457   0.0209   0.0209   0.0039
  3.6887   0.0502   0.0231   0.0231   0.0039
  3.7137   0.0549   0.0255   0.0255   0.0039
  3.7387   0.0594   0.0277   0.0277   0.0040
  3.7638   0.0633   0.0296   0.0296   0.0040
  3.7888   0.0660   0.0310   0.0310   0.0041
  3.8138   0.0673   0.0316   0.0316   0.0041
  3.8388   0.0667   0.0313   0.0313   0.0042
  3.8639   0.0645   0.0301   0.0301   0.0043
  3.8889   0.0611   0.0283   0.0283   0.0044
  3.9139   0.0568   0.0261   0.0261   0.0045
  3.9389   0.0523   0.0238   0.0238   0.0047
  3.9640   0.0478   0.0215   0.0215   0.0049
  3.9890   0.0437   0.0193   0.0193   0.0051
  4.0140   0.0400   0.0174   0.0174   0.0053
  4.0390   0.0368   0.0156   0.0156   0.0056
  4.0641   0.0341   0.0141   0.0141   0.0059
  4.0891   0.0319   0.0128   0.0128   0.0063
  4.1141   0.0300   0.0116   0.0116   0.0068
  4.1391   0.0286   0.0106   0.0106   0.0073
  4.1642   0.0275   0.0098   0.0098   0.0079
  4.1892   0.0266   0.0091   0.0091   0.0085
  4.2142   0.0260   0.0084   0.0084   0.0092
  4.2392   0.0256   0.0078   0.0078   0.0099
  4.2643   0.0253   0.0074   0.0074   0.0105
  4.2893   0.0249   0.0069   0.0069   0.0111
  4.3143   0.0245   0.0065   0.0065   0.0114
  4.3393   0.0238   0.0062   0.0062   0.0114
  4.3644   0.0230   0.0059   0.0059   0.0112
  4.3894   0.0220   0.0056   0.0056   0.0107
  4.4144   0.0209   0.0054   0.0054   0.0101
  4.4394   0.0198   0.0052   0.0052   0.0094
  4.4645   0.0187   0.0050   0.0050   0.0087
  4.4895   0.0176   0.0048   0.0048   0.0080
  4.5145   0.0167   0.0047   0.0047   0.0074
  4.5395   0.0158   0.0045   0.0045   0.0068
  4.5646   0.0151   0.0044   0.0044   0.0063
  4.5896   0.0144   0.0043   0.0043   0.0059
  4.6146   0.0138   0.0041   0.0041   0.0055
  4.6396   0.0132   0.0040   0.0040   0.0052
  4.6647   0.0128   0.0039   0.0039   0.0049
  4.6897   0.0124   0.0039   0.0039   0.0046
  4.7147   0.0120   0.0038   0.0038   0.0044
  4.7397   0.0116   0.0037   0.0037   0.0042
  4.7648   0.0113   0.0036   0.0036   0.0041
  4.7898   0.0111   0.0036   0.0036   0.0039
  4.8148   0.0108   0.0035   0.0035   0.0038
  4.8398   0.0106   0.0035   0.0035   0.0037
  4.8649   0.0104   0.0034   0.0034   0.0036
  4.8899   0.0102   0.0034   0.0034   0.0035
  4.9149   0.0100   0.0033   0.0033   0.0034
  4.9399   0.0099   0.0033   0.0033   0.0033
  4.9650   0.0097   0.0032   0.0032   0.0033
  4.9900   0.0096   0.0032   0.0032   0.0032
  5.0150   0.0095   0.0032   0.0032   0.0032
  5.0400   0.0094   0.0031   0.0031   0.0031
  5.0651   0.0093   0.0031   0.0031   0.0031
  5.0901   0.0092   0.0031   0.0031   0.0030
  5.1151   0.0091   0.0030   0.0030   0.0030
  5.1401   0.0090   0.0030   0.0030   0.0030
  5.1652   0.0089   0.0030   0.0030   0.0029
  5.1902   0.0088   0.0030   0.0030   0.0029
  5.2152   0.0087   0.0029   0.0029   0.0029
  5.2402   0.0087   0.0029   0.0029   0.0028
  5.2653   0.0086   0.0029   0.0029   0.0028
  5.2903   0.0086   0.0029   0.0029   0.0028
  5.3153   0.0085   0.0029   0.0029   0.0028
  5.3403   0.0084   0.0028   0.0028   0.0028
  5.3654   0.0084   0.0028   0.0028   0.0027
  5.3904   0.0083   0.0028   0.0028   0.0027
  5.4154   0.0083   0.0028   0.0028   0.0027
  5.4404   0.0083   0.0028   0.0028   0.0027
  5.4655   0.0082   0.0028   0.0028   0.0027
  5.4905   0.0082   0.0028   0.0028   0.0027
  5.5155   0.0082   0.0027   0.0027   0.0027
  5.5405   0.0081   0.0027   0.0027   0.0027
  5.5656   0.0081   0.0027   0.0027   0.0026
  5.5906   0.0081   0.0027   0.0027   0.0026
  5.6156   0.0080   0.0027   0.0027   0.0026
  5.6406   0.0080   0.0027   0.0027   0.0026
  5.6657   0.0080   0.0027   0.0027   0.0026
  5.6907   0.0080   0.0027   0.0027   0.0026
  5.7157   0.0079   0.0027   0.0027   0.0026
  5.7407   0.0079   0.0027   0.0027   0.0026
  5.7658   0.0079   0.0027   0.0027   0.0026
  5.7908   0.0079   0.0027   0.0027   0.0026
  5.8158   0.0079   0.0026   0.0026   0.0026
  5.8408   0.0079   0.0026   0.0026   0.0026
  5.8659   0.0079   0.0026   0.0026   0.0026
  5.8909   0.0078   0.0026   0.0026   0.0026
  5.9159   0.0078   0.0026   0.0026   0.0026
  5.9409   0.0078   0.0026   0.0026   0.0026
  5.9660   0.0078   0.0026   0.0026   0.0026
  5.9910   0.0078   0.0026   0.0026   0.0026
  6.0160   0.0078   0.0026   0.0026   0.0026
  6.0410   0.0078   0.0026   0.0026   0.0026
  6.0661   0.0078   0.0026   0.0026   0.0026
  6.0911   0.0078   0.0026   0.0026   0.0026
  6.1161   0.0078   0.0026   0.0026   0.0026
  6.1411   0.0078   0.0026   0.0026   0.0026
  6.1662   0.0078   0.0026   0.0026   0.0026
  6.1912   0.0078   0.0026   0.0026   0.0026
  6.2162   0.0078   0.0026   0.0026   0.0026
  6.2412   0.0078   0.0026   0.0026   0.0026
  6.2663   0.0078   0.0026   0.0026   0.0026
  6.2913   0.0078   0.0026   0.0026   0.0026
  6.3163   0.0078   0.0026   0.0026   0.0026
  6.3413   0.0078   0.0026   0.0026   0.0026
  6.3664   0.0078   0.0026   0.0026   0.0026
  6.3914   0.0078   0.0026   0.0026   0.0026
  6.4164   0.0078   0.0026   0.0026   0.0026
  6.4414   0.0078   0.0026   0.0026   0.0026
  6.4665   0.0079   0.0026   0.0026   0.0026
  6.4915   0.0079   0.0026   0.0026   0.0026
  6.5165   0.0079   0.0026   0.0026   0.0026
  6.5415   0.0079   0.0026   0.0026   0.0026
  6.5666   0.0079   0.0026   0.0026   0.0026
  6.5916   0.0079   0.0026   0.0026   0.0026
  6.6166   0.0079   0.0027   0.0027   0.0026
  6.6416   0.0080   0.0027   0.0027   0.0026
  6.6667   0.0080   0.0027   0.0027   0.0026
  6.6917   0.0080   0.0027   0.0027   0.0027
  6.7167   0.0080   0.0027   0.0027   0.0027
  6.7417   0.0080   0.0027   0.0027   0.0027
  6.7668   0.0080   0.0027   0.0027   0.0027
  6.7918   0.0081   0.0027   0.0027   0.0027
  6.8168   0.0081   0.0027   0.0027   0.0027
  6.8418   0.0081   0.0027   0.0027   0.0027
  6.8669   0.0081   0.0027   0.0027   0.0027
  6.8919   0.0082   0.0027   0.0027   0.0027
  6.9169   0.0082   0.0027   0.0027   0.0027
  6.9419   0.0082   0.0027   0.0027   0.0027
  6.9670   0.0082   0.0027   0.0027   0.0027
  6.9920   0.0083   0.0028   0.0028   0.0027
  7.0170   0.0083   0.0028   0.0028   0.0028
  7.0420   0.0083   0.0028   0.0028   0.0028
  7.0671   0.0083   0.0028   0.0028   0.0028
  7.0921   0.0084   0.0028   0.0028   0.0028
  7.1171   0.0084   0.0028   0.0028   0.0028
  7.1421   0.0084   0.0028   0.0028   0.0028
  7.1672   0.0085   0.0028   0.0028   0.0028
  7.1922   0.0085   0.0028   0.0028   0.0028
  7.2172   0.0085   0.0028   0.0028   0.0029
  7.2422   0.0086   0.0029   0.0029   0.0029
  7.2673   0.0086   0.0029   0.0029   0.0029
  7.2923   0.0087   0.0029   0.0029   0.0029
  7.3173   0.0087   0.0029   0.0029   0.0029
  7.3423   0.0087   0.0029   0.0029   0.0029
  7.3674   0.0088   0.0029   0.0029   0.0029
  7.3924   0.0088   0.0029   0.0029   0.0029
  7.4174   0.0089   0.0029   0.0029   0.0030
  7.4424   0.0089   0.0030   0.0030   0.0030
  7.4675   0.0090   0.0030   0.0030   0.0030
  7.4925   0.0090   0.0030   0.0030   0.0030
  7.5175   0.0090   0.0030   0.0030   0.0030
  7.5425   0.0091   0.0030   0.0030   0.0030
  7.5676   0.0091   0.0030   0.0030   0.0031
  7.5926   0.0092   0.0031   0.0031   0.0031
  7.6176   0.0092   0.0031   0.0031   0.0031
  7.6426   0.0093   0.0031   0.0031   0.0031
  7.6677   0.0094   0.0031   0.0031   0.0031
  7.6927   0.0094   0.0031   0.0031   0.0032
  7.7177   0.0095   0.0031   0.0031   0.0032
  7.7427   0.0095   0.0032   0.0032   0.0032
  7.7678   0.0096   0.0032   0.0032   0.0032
  7.7928   0.0096   0.0032   0.0032   0.0032
  7.8178   0.0097   0.0032   0.0032   0.0033
  7.8428   0.0098   0.0032   0.0032   0.0033
  7.8679   0.0098   0.0033   0.0033   0.0033
  7.8929   0.0099   0.0033   0.0033   0.0033
  7.9179   0.0100   0.0033   0.0033   0.0033
  7.9429   0.0100   0.0033   0.0033   0.0034
  7.9680   0.0101   0.0034   0.0034   0.0034
  7.9930   0.0102   0.0034   0.0034   0.0034
  8.0180   0.0103   0.0034   0.0034   0.0034
  8.0430   0.0103   0.0034   0.0034   0.0035
  8.0681   0.0104   0.0035   0.0035   0.0035
  8.0931   0.0105   0.0035   0.0035   0.0035
  8.1181   0.0106   0.0035   0.0035   0.0036
  8.1431   0.0107   0.0035   0.0035   0.0036
  8.1682   0.0107   0.0036   0.0036   0.0036
  8.1932   0.0108   0.0036   0.0036   0.0036
  8.2182   0.0109   0.0036   0.0036   0.0037
  8.2432   0.0110   0.0037   0.0037   0.0037
  8.2683   0.0111   0.0037   0.0037   0.0037
  8.2933   0.0112   0.0037   0.0037   0.0038
  8.3183   0.0113   0.0037   0.0037   0.0038
  8.3433   0.0114   0.0038   0.0038   0.0038
  8.3684   0.0115   0.0038   0.0038   0.0039
  8.3934   0.0116   0.0038   0.0038   0.0039
  8.4184   0.0117   0.0039   0.0039   0.0039
  8.4434   0.0118   0.0039   0.0039   0.0040
  8.4685   0.0119   0.0040   0.0040   0.0040
  8.4935   0.0120   0.0040   0.0040   0.0041
  8.5185   0.0122   0.0040   0.0040   0.0041
  8.5435   0.0123   0.0041   0.0041   0.0041
  8.5686   0.0124   0.0041   0.0041   0.0042
  8.5936   0.0125   0.0041   0.0041   0.0042
  8.6186   0.0126   0.0042   0.0042   0.0043
  8.6436   0.0128   0.0042   0.0042   0.0043
  8.6687   0.0129   0.0043   0.0043   0.0044
  8.6937   0.0130   0.0043   0.0043   0.0044
  8.7187   0.0132   0.0044   0.0044   0.0045
  8.7437   0.0133   0.0044   0.0044   0.0045
  8.7688   0.0135   0.0045   0.0045   0.0046
  8.7938   0.0136   0.0045   0.0045   0.0046
  8.8188   0.0138   0.0046   0.0046   0.0047
  8.8438   0.0139   0.0046   0.0046   0.0047
  8.8689   0.0141   0.0047   0.0047   0.0048
  8.8939   0.0142   0.0047   0.0047   0.0048
  8.9189   0.0144   0.0048   0.0048   0.0049
  8.9439   0.0146   0.0048   0.0048   0.0049
  8.9690   0.0148   0.0049   0.0049   0.0050
  8.9940   0.0149   0.0049   0.0049   0.0051
  9.0190   0.0151   0.0050   0.0050   0.0051
  9.0440   0.0153   0.0051   0.0051   0.0052
  9.0691   0.0155   0.0051   0.0051   0.0053
  9.0941   0.0157   0.0052   0.0052   0.0053
  9.1191   0.0159   0.0052   0.0052   0.0054
  9.1441   0.0161   0.0053   0.0053   0.0055
  9.1692   0.0163   0.0054   0.0054   0.0056
  9.1942   0.0166   0.0055   0.0055   0.0056
  9.2192   0.0168   0.0055   0.0055   0.0057
  9.2442   0.0170   0.0056   0.0056   0.0058
  9.2693   0.0173   0.0057   0.0057   0.0059
  9.2943   0.0175   0.0058   0.0058   0.0060
  9.3193   0.0177   0.0058   0.0058   0.0061
  9.3443   0.0180   0.0059   0.0059   0.0062
  9.3694   0.0183   0.0060   0.0060   0.0062
  9.3944   0.0185   0.0061   0.0061   0.0063
  9.4194   0.0188   0.0062   0.0062   0.0064
  9.4444   0.0191   0.0063   0.0063   0.0065
  9.4695   0.0194   0.0064   0.0064   0.0066
  9.4945   0.0197   0.0065   0.0065   0.0068
  9.5195   0.0200   0.0066   0.0066   0.0069
  9.5445   0.0203   0.0067   0.0067   0.0070
  9.5696   0.0207   0.0068   0.0068   0.0071
  9.5946   0.0210   0.0069   0.0069   0.0072
  9.6196   0.0214   0.0070   0.0070   0.0073
  9.6446   0.0217   0.0071   0.0071   0.0075
  9.6697   0.0221   0.0072   0.0072   0.0076
  9.6947   0.0225   0.0074   0.0074   0.0077
  9.7197   0.0229   0.0075   0.0075   0.0079
  9.7447   0.0233   0.0076   0.0076   0.0080
  9.7698   0.0237   0.0078   0.0078   0.0082
  9.7948   0.0241   0.0079   0.0079   0.0083
  9.8198   0.0246   0.0080   0.0080   0.0085
  9.8448   0.0251   0.0082   0.0082   0.0087
  9.8699   0.0255   0.0083   0.0083   0.0088
  9.8949   0.0260   0.0085   0.0085   0.0090
  9.9199   0.0265   0.0087   0.0087   0.0092
  9.9449   0.0271   0.0088   0.0088   0.0094
  9.9700   0.0276   0.0090   0.0090   0.0096
  9.9950   0.0282   0.0092   0.0092   0.0098
 10.0200   0.0287   0.0094   0.0094   0.0100
 10.0450   0.0294   0.0096   0.0096   0.0102
 10.0701   0.0300   0.0098   0.0098   0.0105
 10.0951   0.0306   0.0100   0.0100   0.0107
 10.1201   0.0313   0.0102   0.0102   0.0109
 10.1451   0.0320   0.0104   0.0104   0.0112
 10.1702   0.0327   0.0106   0.0106   0.0115
 10.1952   0.0335   0.0109   0.0109   0.0117
 10.2202   0.0342   0.0111   0.0111   0.0120
 10.2452   0.0350   0.0114   0.0114   0.0123
 10.2703   0.0359   0.0116   0.0116   0.0127
 10.2953   0.0368   0.0119   0.0119   0.0130
 10.3203   0.0377   0.0122   0.0122   0.0133
 10.3453   0.0386   0.0125   0.0125   0.0137
 10.3704   0.0396   0.0128   0.0128   0.0140
 10.3954   0.0406   0.0131   0.0131   0.0144
 10.4204   0.0417   0.0134   0.0134   0.0148
 10.4454   0.0428   0.0138   0.0138   0.0153
 10.4705   0.0440   0.0141   0.0141   0.0157
 10.4955   0.0452   0.0145   0.0145   0.0162
 10.5205   0.0465   0.0149   0.0149   0.0167
 10.5455   0.0478   0.0153   0.0153   0.0172
 10.5706   0.0492   0.0157   0.0157   0.0177
 10.5956   0.0507   0.0162   0.0162   0.0183
 10.6206   0.0522   0.0166   0.0166   0.0189
 10.6456   0.0538   0.0171   0.0171   0.0196
 10.6707   0.0555   0.0176   0.0176   0.0202
 10.6957   0.0573   0.0182   0.0182   0.0209
 10.7207   0.0592   0.0187   0.0187   0.0217
 10.7457   0.0611   0.0193   0.0193   0.0225
 10.7708   0.0632   0.0199   0.0199   0.0233
 10.7958   0.0654   0.0206   0.0206   0.0242
 10.8208   0.0677   0.0213   0.0213   0.0252
 10.8458   0.0702   0.0220   0.0220   0.0262
 10.8709   0.0728   0.0227   0.0227   0.0273
 10.8959   0.0755   0.0235   0.0235   0.0285
 10.9209   0.0785   0.0244   0.0244   0.0297
 10.9459   0.0816   0.0253   0.0253   0.0310
 10.9710   0.0849   0.0262   0.0262   0.0325
 10.9960   0.0884   0.0272   0.0272   0.0340
 11.0210   0.0922   0.0283   0.0283   0.0356
 11.0460   0.0962   0.0294   0.0294   0.0374
 11.0711   0.1005   0.0306   0.0306   0.0394
 11.0961   0.1052   0.0318   0.0318   0.0415
 11.1211   0.1102   0.0332   0.0332   0.0438
 11.1461   0.1155   0.0346   0.0346   0.0463
 11.1712   0.1213   0.0362   0.0362   0.0490
 11.1962   0.1276   0.0378   0.0378   0.0520
 11.2212   0.1344   0.0396   0.0396   0.0553
 11.2462   0.1419   0.0414   0.0414   0.0590
 11.2713   0.1500   0.0435   0.0435   0.0630
 11.2963   0.1588   0.0456   0.0456   0.0675
 11.3213   0.1685   0.0480   0.0480   0.0725
 11.3463   0.1792   0.0505   0.0505   0.0782
 11.3714   0.1910   0.0533   0.0533   0.0845
 11.3964   0.2041   0.0563   0.0563   0.0916
 11.4214   0.2187   0.0595   0.0595   0.0997
 11.4464   0.2350   0.0630   0.0630   0.1089
 11.4715   0.2532   0.0669   0.0669   0.1194
 11.4965   0.2737   0.0711   0.0711   0.1315
 11.5215   0.2968   0.0757   0.0757   0.1453
 11.5465   0.3229   0.0808   0.0808   0.1613
 11.5716   0.3525   0.0865   0.0865   0.1796
 11.5966   0.3861   0.0927   0.0927   0.2007
 11.6216   0.4240   0.0996   0.0996   0.2248
 11.6466   0.4665   0.1073   0.1073   0.2519
 11.6717   0.5139   0.1159   0.1159   0.2820
 11.6967   0.5655   0.1256   0.1256   0.3143
 11.7217   0.6204   0.1365   0.1365   0.3474
 11.7467   0.6768   0.1488   0.1488   0.3791
 11.7718   0.7319   0.1628   0.1628   0.4063
 11.7968   0.7830   0.1787   0.1787   0.4256
 11.8218   0.8283   0.1969   0.1969   0.4344
 11.8468   0.8674   0.2178   0.2178   0.4317
 11.8719   0.9026   0.2419   0.2419   0.4187
 11.8969   0.9375   0.2697   0.2697   0.3982
 11.9219   0.9769   0.3017   0.3017   0.3734
 11.9469   1.0251   0.3387   0.3387   0.3477
 11.9720   1.0858   0.3813   0.3813   0.3232
 11.9970   1.1614   0.4299   0.4299   0.3016
 12.0220   1.2530   0.4848   0.4848   0.2835
 12.0470   1.3599   0.5453   0.5453   0.2692
 12.0721   1.4790   0.6101   0.6101   0.2589
 12.0971   1.6042   0.6759   0.6759   0.2524
 12.1221   1.7257   0.7380   0.7380   0.2496
 12.1471   1.8310   0.7903   0.7903   0.2505
 12.1722   1.9076   0.8262   0.8262   0.2551
 12.1972   1.9462   0.8414   0.8414   0.2634
 12.2222   1.9455   0.8349   0.8349   0.2757
 12.2472   1.9119   0.8098   0.8098   0.2923
 12.2723   1.8579   0.7722   0.7722   0.3135
 12.2973   1.7980   0.7291   0.7291   0.3398
 12.3223   1.7448   0.6866   0.6866   0.3717
 12.3473   1.7074   0.6489   0.6489   0.4096
 12.3724   1.6913   0.6187   0.6187   0.4539
 12.3974   1.6982   0.5970   0.5970   0.5043
 12.4224   1.7266   0.5834   0.5834   0.5597
 12.4474   1.7713   0.5767   0.5767   0.6180
 12.4725   1.8235   0.5742   0.5742   0.6750
 12.4975   1.8706   0.5727   0.5727   0.7253
 12.5225   1.8981   0.5681   0.5681   0.7620
 12.5475   1.8930   0.5569   0.5569   0.7793
 12.5726   1.8477   0.5370   0.5370   0.7737
 12.5976   1.7626   0.5083   0.5083   0.7461
 12.6226   1.6458   0.4726   0.4726   0.7006
 12.6476   1.5097   0.4329   0.4329   0.6438
 12.6727   1.3665   0.3922   0.3922   0.5821
 12.6977   1.2261   0.3527   0.3527   0.5206
 12.7227   1.0946   0.3160   0.3160   0.4626
 12.7477   0.9753   0.2828   0.2828   0.4097
 12.7728   0.8693   0.2533   0.2533   0.3628
 12.7978   0.7763   0.2273   0.2273   0.3217
 12.8228   0.6951   0.2046   0.2046   0.2860
 12.8478   0.6245   0.1848   0.1848   0.2550
 12.8729   0.5632   0.1675   0.1675   0.2283
 12.8979   0.5099   0.1524   0.1524   0.2052
 12.9229   0.4634   0.1391   0.1391   0.1852
 12.9479   0.4227   0.1275   0.1275   0.1677
 12.9730   0.3869   0.1172   0.1172   0.1525
 12.9980   0.3555   0.1081   0.1081   0.1392
 13.0230   0.3276   0.1000   0.1000   0.1275
 13.0480   0.3028   0.0928   0.0928   0.1172
 13.0731   0.2808   0.0864   0.0864   0.1080
 13.0981   0.2610   0.0806   0.0806   0.0999
 13.1231   0.2433   0.0753   0.0753   0.0926
 13.1481   0.2274   0.0706   0.0706   0.0861
 13.1732   0.2129   0.0663   0.0663   0.0803
 13.1982   0.1998   0.0624   0.0624   0.0750
 13.2232   0.1879   0.0588   0.0588   0.0702
 13.2482   0.1771   0.0556   0.0556   0.0659
 13.2733   0.1672   0.0526   0.0526   0.0620
 13.2983   0.1581   0.0498   0.0498   0.0584
 13.3233   0.1497   0.0473   0.0473   0.0551
 13.3483   0.1420   0.0450   0.0450   0.0521
 13.3734   0.1349   0.0428   0.0428   0.0493
 13.3984   0.1283   0.0408   0.0408   0.0468
 13.4234   0.1222   0.0389   0.0389   0.0444
 13.4484   0.1166   0.0372   0.0372   0.0422
 13.4735   0.1113   0.0355   0.0355   0.0402
 13.4985   0.1064   0.0340   0.0340   0.0384
 13.5235   0.1018   0.0326   0.0326   0.0366
 13.5485   0.0975   0.0313   0.0313   0.0350
 13.5736   0.0935   0.0300   0.0300   0.0335
 13.5986   0.0897   0.0288   0.0288   0.0321
 13.6236   0.0862   0.0277   0.0277   0.0307
 13.6486   0.0829   0.0267   0.0267   0.0295
 13.6737   0.0798   0.0257   0.0257   0.0283
 13.6987   0.0768   0.0248   0.0248   0.0272
 13.7237   0.0740   0.0239   0.0239   0.0262
 13.7487   0.0714   0.0231   0.0231   0.0252
 13.7738   0.0689   0.0223   0.0223   0.0243
 13.7988   0.0666   0.0216   0.0216   0.0234
 13.8238   0.0643   0.0209   0.0209   0.0226
 13.8488   0.0622   0.0202   0.0202   0.0219
 13.8739   0.0602   0.0196   0.0196   0.0211
 13.8989   0.0583   0.0189   0.0189   0.0204
 13.9239   0.0565   0.0184   0.0184   0.0198
 13.9489   0.0548   0.0178   0.0178   0.0191
 13.9740   0.0531   0.0173   0.0173   0.0185
 13.9990   0.0516   0.0168   0.0168   0.0180
 14.0240   0.0501   0.0163   0.0163   0.0174
 14.0490   0.0486   0.0159   0.0159   0.0169
 14.0741   0.0473   0.0154   0.0154   0.0164
 14.0991   0.0460   0.0150   0.0150   0.0159
 14.1241   0.0447   0.0146   0.0146   0.0155
 14.1491   0.0435   0.0142   0.0142   0.0151
 14.1742   0.0424   0.0139   0.0139   0.0147
 14.1992   0.0413   0.0135   0.0135   0.0143
 14.2242   0.0402   0.0132   0.0132   0.0139
 14.2492   0.0392   0.0128   0.0128   0.0135
 14.2743   0.0383   0.0125   0.0125   0.0132
 14.2993   0.0373   0.0122   0.0122   0.0129
 14.3243   0.0364   0.0119   0.0119   0.0125
 14.3493   0.0356   0.0117   0.0117   0.0122
 14.3744   0.0348   0.0114   0.0114   0.0119
 14.3994   0.0340   0.0111   0.0111   0.0117
 14.4244   0.0332   0.0109   0.0109   0.0114
 14.4494   0.0325   0.0107   0.0107   0.0111
 14.4745   0.0317   0.0104   0.0104   0.0109
 14.4995   0.0311   0.0102   0.0102   0.0106
 14.5245   0.0304   0.0100   0.0100   0.0104
 14.5495   0.0298   0.0098   0.0098   0.0102
 14.5746   0.0292   0.0096   0.0096   0.0100
 14.5996   0.0286   0.0094   0.0094   0.0098
 14.6246   0.0280   0.0092   0.0092   0.0096
 14.6496   0.0274   0.0090   0.0090   0.0094
 14.6747   0.0269   0.0089   0.0089   0.0092
 14.6997   0.0264   0.0087   0.0087   0.0090
 14.7247   0.0259   0.0085   0.0085   0.0088
 14.7497   0.0254   0.0084   0.0084   0.0087
 14.7748   0.0250   0.0082   0.0082   0.0085
 14.7998   0.0245   0.0081   0.0081   0.0083
 14.8248   0.0241   0.0080   0.0080   0.0082
 14.8498   0.0237   0.0078   0.0078   0.0080
 14.8749   0.0233   0.0077   0.0077   0.0079
 14.8999   0.0229   0.0076   0.0076   0.0078
 14.9249   0.0225   0.0074   0.0074   0.0076
 14.9499   0.0221   0.0073   0.0073   0.0075
 14.9750   0.0218   0.0072   0.0072   0.0074
 15.0000   0.0214   0.0071   0.0071   0.0072
