# E  sum  T1  T2  T3 ...
-10.0000   0.0239   0.0080   0.0080   0.0080
 -9.9750   0.0242   0.0081   0.0081   0.0081
 -9.9499   0.0245   0.0081   0.0081   0.0082
 -9.9249   0.0247   0.0082   0.0082   0.0083
 -9.8999   0.0250   0.0083   0.0083   0.0083
 -9.8749   0.0253   0.0084   0.0084   0.0084
 -9.8498   0.0256   0.0085   0.0085   0.0085
 -9.8248   0.0259   0.0086   0.0086   0.0086
 -9.7998   0.0262   0.0087   0.0087   0.0088
 -9.7748   0.0266   0.0088   0.0088   0.0089
 -9.7497   0.0269   0.0090   0.0090   0.0090
 -9.7247   0.0272   0.0091   0.0091   0.0091
 -9.6997   0.0275   0.0092   0.0092   0.0092
 -9.6747   0.0279   0.0093   0.0093   0.0093
 -9.6496   0.0282   0.0094   0.0094   0.0094
 -9.6246   0.0286   0.0095   0.0095   0.0095
 -9.5996   0.0289   0.0096   0.0096   0.0097
 -9.5746   0.0293   0.0098   0.0098   0.0098
 -9.5495   0.0297   0.0099   0.0099   0.0099
 -9.5245   0.0301   0.0100   0.0100   0.0100
 -9.4995   0.0305   0.0101   0.0101   0.0102
 -9.4745   0.0309   0.0103   0.0103   0.0103
 -9.4494   0.0313   0.0104   0.0104   0.0104
 -9.4244   0.0317   0.0106   0.0106   0.0106
 -9.3994   0.0321   0.0107   0.0107   0.0107
 -9.3744   0.0325   0.0108   0.0108   0.0109
 -9.3493   0.0330   0.0110   0.0110   0.0110
 -9.3243   0.0334   0.0111   0.0111   0.0111
 -9.2993   0.0339   0.0113   0.0113   0.0113
 -9.2743   0.0343   0.0114   0.0114   0.0115
 -9.2492   0.0348   0.0116   0.0116   0.0116
 -9.2242   0.0353   0.0118   0.0118   0.0118
 -9.1992   0.0358   0.0119   0.0119   0.0119
 -9.1742   0.0363   0.0121   0.0121   0.0121
 -9.1491   0.0368   0.0123   0.0123   0.0123
 -9.1241   0.0374   0.0124   0.0124   0.0125
 -9.0991   0.0379   0.0126   0.0126   0.0126
 -9.0741   0.0385   0.0128   0.0128   0.0128
 -9.0490   0.0390   0.0130   0.0130   0.0130
 -9.0240   0.0396   0.0132   0.0132   0.0132
 -8.9990   0.0402   0.0134   0.0134   0.0134
 -8.9740   0.0408   0.0136   0.0136   0.0136
 -8.9489   0.0414   0.0138   0.0138   0.0138
 -8.9239   0.0421   0.0140   0.0140   0.0140
 -8.8989   0.0427   0.0142   0.0142   0.0143
 -8.8739   0.0434   0.0144   0.0144   0.0145
 -8.8488   0.0440   0.0147   0.0147   0.0147
 -8.8238   0.0447   0.0149   0.0149   0.0149
 -8.7988   0.0455   0.0151   0.0151   0.0152
 -8.7738   0.0462   0.0154   0.0154   0.0154
 -8.7487   0.0469   0.0156   0.0156   0.0157
 -8.7237   0.0477   0.0159   0.0159   0.0159
 -8.6987   0.0485   0.0161   0.0161   0.0162
 -8.6737   0.0493   0.0164   0.0164   0.0165
 -8.6486   0.0501   0.0167   0.0167   0.0167
 -8.6236   0.0510   0.0170   0.0170   0.0170
 -8.5986   0.0518   0.0173   0.0173   0.0173
 -8.5736   0.0527   0.0176   0.0176   0.0176
 -8.5485   0.0536   0.0179   0.0179   0.0179
 -8.5235   0.0546   0.0182   0.0182   0.0182
 -8.4985   0.0555   0.0185   0.0185   0.0185
 -8.4735   0.0565   0.0188   0.0188   0.0189
 -8.4484   0.0575   0.0192   0.0192   0.0192
 -8.4234   0.0586   0.0195   0.0195   0.0196
 -8.3984   0.0596   0.0199   0.0199   0.0199
 -8.3734   0.0607   0.0202   0.0202   0.0203
 -8.3483   0.0619   0.0206   0.0206   0.0207
 -8.3233   0.0630   0.0210   0.0210   0.0210
 -8.2983   0.0642   0.0214   0.0214   0.0215
 -8.2733   0.0655   0.0218   0.0218   0.0219
 -8.2482   0.0667   0.0222   0.0222   0.0223
 -8.2232   0.0680   0.0227   0.0227   0.0227
 -8.1982   0.0694   0.0231   0.0231   0.0232
 -8.1732   0.0708   0.0236   0.0236   0.0236
 -8.1481   0.0722   0.0240   0.0240   0.0241
 -8.1231   0.0737   0.0245   0.0245   0.0246
 -8.0981   0.0752   0.0250   0.0250   0.0251
 -8.0731   0.0767   0.0256   0.0256   0.0256
 -8.0480   0.0783   0.0261   0.0261   0.0262
 -8.0230   0.0800   0.0266   0.0266   0.0267
 -7.9980   0.0817   0.0272   0.0272   0.0273
 -7.9730   0.0835   0.0278   0.0278   0.0279
 -7.9479   0.0853   0.0284   0.0284   0.0285
 -7.9229   0.0872   0.0290   0.0290   0.0291
 -7.8979   0.0892   0.0297   0.0297   0.0298
 -7.8729   0.0912   0.0304   0.0304   0.0305
 -7.8478   0.0933   0.0311   0.0311   0.0312
 -7.8228   0.0955   0.0318   0.0318   0.0319
 -7.7978   0.0977   0.0325   0.0325   0.0327
 -7.7728   0.1000   0.0333   0.0333   0.0334
 -7.7477   0.1024   0.0341   0.0341   0.0342
 -7.7227   0.1049   0.0349   0.0349   0.0351
 -7.6977   0.1075   0.0358   0.0358   0.0359
 -7.6727   0.1102   0.0367   0.0367   0.0368
 -7.6476   0.1130   0.0376   0.0376   0.0378
 -7.6226   0.1159   0.0386   0.0386   0.0388
 -7.5976   0.1189   0.0396   0.0396   0.0398
 -7.5726   0.1220   0.0406   0.0406   0.0408
 -7.5475   0.1253   0.0417   0.0417   0.0419
 -7.5225   0.1286   0.0428   0.0428   0.0430
 -7.4975   0.1322   0.0440   0.0440   0.0442
 -7.4725   0.1358   0.0452   0.0452   0.0454
 -7.4474   0.1396   0.0465   0.0465   0.0467
 -7.4224   0.1436   0.0478   0.0478   0.0481
 -7.3974   0.1478   0.0492   0.0492   0.0495
 -7.3724   0.1521   0.0506   0.0506   0.0509
 -7.3473   0.1567   0.0521   0.0521   0.0524
 -7.3223   0.1614   0.0537   0.0537   0.0540
 -7.2973   0.1663   0.0553   0.0553   0.0557
 -7.2723   0.1715   0.0570   0.0570   0.0575
 -7.2472   0.1770   0.0588   0.0588   0.0593
 -7.2222   0.1827   0.0607   0.0607   0.0612
 -7.1972   0.1886   0.0627   0.0627   0.0632
 -7.1722   0.1949   0.0648   0.0648   0.0653
 -7.1471   0.2015   0.0670   0.0670   0.0675
 -7.1221   0.2084   0.0693   0.0693   0.0699
 -7.0971   0.2157   0.0717   0.0717   0.0723
 -7.0721   0.2234   0.0742   0.0742   0.0749
 -7.0470   0.2315   0.0769   0.0769   0.0777
 -7.0220   0.2400   0.0798   0.0798   0.0805
 -6.9970   0.2491   0.0827   0.0827   0.0836
 -6.9720   0.2586   0.0859   0.0859   0.0868
 -6.9469   0.2687   0.0892   0.0892   0.0902
 -6.9219   0.2794   0.0928   0.0928   0.0938
 -6.8969   0.2907   0.0965   0.0965   0.0977
 -6.8719   0.3028   0.1005   0.1005   0.1017
 -6.8468   0.3156   0.1048   0.1048   0.1061
 -6.8218   0.3292   0.1093   0.1093   0.1107
 -6.7968   0.3437   0.1141   0.1141   0.1156
 -6.7718   0.3592   0.1192   0.1192   0.1209
 -6.7467   0.3758   0.1246   0.1246   0.1265
 -6.7217   0.3935   0.1305   0.1305   0.1325
 -6.6967   0.4125   0.1368   0.1368   0.1389
 -6.6717   0.4328   0.1435   0.1435   0.1459
 -6.6466   0.4548   0.1507   0.1507   0.1533
 -6.6216   0.4784   0.1585   0.1585   0.1614
 -6.5966   0.5038   0.1669   0.1669   0.1701
 -6.5716   0.5313   0.1759   0.1759   0.1795
 -6.5465   0.5611   0.1857   0.1857   0.1897
 -6.5215   0.5935   0.1964   0.1964   0.2007
 -6.4965   0.6287   0.2079   0.2079   0.2128
 -6.4715   0.6670   0.2205   0.2205   0.2259
 -6.4464   0.7089   0.2343   0.2343   0.2403
 -6.4214   0.7548   0.2493   0.2493   0.2561
 -6.3964   0.8051   0.2658   0.2658   0.2735
 -6.3714   0.8606   0.2840   0.2840   0.2927
 -6.3463   0.9218   0.3040   0.3040   0.3138
 -6.3213   0.9896   0.3261   0.3261   0.3374
 -6.2963   1.0649   0.3507   0.3507   0.3635
 -6.2713   1.1488   0.3780   0.3780   0.3928
 -6.2462   1.2426   0.4085   0.4085   0.4255
 -6.2212   1.3479   0.4427   0.4427   0.4624
 -6.1962   1.4664   0.4812   0.4812   0.5040
 -6.1712   1.6003   0.5246   0.5246   0.5511
 -6.1461   1.7523   0.5738   0.5738   0.6047
 -6.1211   1.9253   0.6297   0.6297   0.6659
 -6.0961   2.1231   0.6935   0.6935   0.7360
 -6.0711   2.3498   0.7667   0.7667   0.8164
 -6.0460   2.6105   0.8507   0.8507   0.9090
 -6.0210   2.9110   0.9477   0.9477   1.0157
 -5.9960   3.2578   1.0598   1.0598   1.1383
 -5.9710   3.6578   1.1895   1.1895   1.2789
 -5.9459   4.1179   1.3396   1.3396   1.4388
 -5.9209   4.6439   1.5128   1.5128   1.6184
 -5.8959   5.2391   1.7114   1.7114   1.8164
 -5.8709   5.9017   1.9365   1.9365   2.0286
 -5.8458   6.6223   2.1872   2.1872   2.2480
 -5.8208   7.3814   2.4581   2.4581   2.4651
 -5.7958   8.1471   2.7388   2.7388   2.6696
 -5.7708   8.8754   3.0114   3.0114   2.8526
 -5.7457   9.5126   3.2522   3.2522   3.0082
 -5.7207  10.0015   3.4347   3.4347   3.1321
 -5.6957  10.2905   3.5362   3.5362   3.2180
 -5.6707  10.3446   3.5440   3.5440   3.2565
 -5.6456  10.1534   3.4587   3.4587   3.2361
 -5.6206   9.7346   3.2927   3.2927   3.1492
 -5.5956   9.1315   3.0669   3.0669   2.9976
 -5.5706   8.4042   2.8053   2.8053   2.7936
 -5.5455   7.6169   2.5302   2.5302   2.5565
 -5.5205   6.8260   2.2596   2.2596   2.3067
 -5.4955   6.0723   2.0056   2.0056   2.0611
 -5.4705   5.3803   1.7748   1.7748   1.8308
 -5.4454   4.7608   1.5695   1.5695   1.6218
 -5.4204   4.2153   1.3895   1.3895   1.4363
 -5.3954   3.7397   1.2330   1.2330   1.2736
 -5.3704   3.3273   1.0975   1.0975   1.1323
 -5.3453   2.9706   0.9804   0.9804   1.0098
 -5.3203   2.6619   0.8791   0.8791   0.9038
 -5.2953   2.3945   0.7912   0.7912   0.8120
 -5.2703   2.1622   0.7149   0.7149   0.7323
 -5.2452   1.9597   0.6484   0.6484   0.6630
 -5.2202   1.7827   0.5901   0.5901   0.6024
 -5.1952   1.6273   0.5390   0.5390   0.5493
 -5.1702   1.4904   0.4939   0.4939   0.5026
 -5.1451   1.3693   0.4540   0.4540   0.4613
 -5.1201   1.2618   0.4185   0.4185   0.4248
 -5.0951   1.1661   0.3869   0.3869   0.3922
 -5.0701   1.0805   0.3587   0.3587   0.3632
 -5.0450   1.0037   0.3333   0.3333   0.3372
 -5.0200   0.9347   0.3105   0.3105   0.3138
 -4.9950   0.8723   0.2898   0.2898   0.2927
 -4.9700   0.8158   0.2711   0.2711   0.2736
 -4.9449   0.7646   0.2542   0.2542   0.2563
 -4.9199   0.7179   0.2387   0.2387   0.2405
 -4.8949   0.6753   0.2246   0.2246   0.2261
 -4.8699   0.6363   0.2117   0.2117   0.2130
 -4.8448   0.6006   0.1998   0.1998   0.2010
 -4.8198   0.5677   0.1889   0.1889   0.1899
 -4.7948   0.5374   0.1788   0.1788   0.1797
 -4.7698   0.5095   0.1696   0.1696   0.1703
 -4.7447   0.4836   0.1610   0.1610   0.1617
 -4.7197   0.4597   0.1530   0.1530   0.1536
 -4.6947   0.4375   0.1457   0.1457   0.1462
 -4.6697   0.4168   0.1388   0.1388   0.1392
 -4.6446   0.3976   0.1324   0.1324   0.1328
 -4.6196   0.3796   0.1264   0.1264   0.1268
 -4.5946   0.3628   0.1209   0.1209   0.1211
 -4.5696   0.3471   0.1156   0.1156   0.1159
 -4.5445   0.3324   0.1107   0.1107   0.1110
 -4.5195   0.3186   0.1062   0.1062   0.1063
 -4.4945   0.3057   0.1018   0.1018   0.1020
 -4.4695   0.2935   0.0978   0.0978   0.0979
 -4.4444   0.2820   0.0940   0.0940   0.0941
 -4.4194   0.2712   0.0904   0.0904   0.0905
 -4.3944   0.2610   0.0870   0.0870   0.0871
 -4.3694   0.2514   0.0838   0.0838   0.0838
 -4.3443   0.2423   0.0807   0.0807   0.0808
 -4.3193   0.2336   0.0779   0.0779   0.0779
 -4.2943   0.2255   0.0751   0.0751   0.0752
 -4.2693   0.2177   0.0726   0.0726   0.0726
 -4.2442   0.2103   0.0701   0.0701   0.0701
 -4.2192   0.2033   0.0678   0.0678   0.0678
 -4.1942   0.1967   0.0656   0.0656   0.0656
 -4.1692   0.1904   0.0635   0.0635   0.0635
 -4.1441   0.1843   0.0614   0.0614   0.0614
 -4.1191   0.1786   0.0595   0.0595   0.0595
 -4.0941   0.1731   0.0577   0.0577   0.0577
 -4.0691   0.1679   0.0560   0.0560   0.0559
 -4.0440   0.1629   0.0543   0.0543   0.0543
 -4.0190   0.1581   0.0527   0.0527   0.0527
 -3.9940   0.1535   0.0512   0.0512   0.0512
 -3.9690   0.1492   0.0497   0.0497   0.0497
 -3.9439   0.1450   0.0483   0.0483   0.0483
 -3.9189   0.1410   0.0470   0.0470   0.0470
 -3.8939   0.1371   0.0457   0.0457   0.0457
 -3.8689   0.1334   0.0445   0.0445   0.0445
 -3.8438   0.1299   0.0433   0.0433   0.0433
 -3.8188   0.1265   0.0422   0.0422   0.0421
 -3.7938   0.1232   0.0411   0.0411   0.0411
 -3.7688   0.1201   0.0400   0.0400   0.0400
 -3.7437   0.1171   0.0390   0.0390   0.0390
 -3.7187   0.1142   0.0381   0.0381   0.0380
 -3.6937   0.1114   0.0371   0.0371   0.0371
 -3.6687   0.1087   0.0362   0.0362   0.0362
 -3.6436   0.1061   0.0354   0.0354   0.0353
 -3.6186   0.1036   0.0345   0.0345   0.0345
 -3.5936   0.1012   0.0337   0.0337   0.0337
 -3.5686   0.0988   0.0329   0.0329   0.0329
 -3.5435   0.0966   0.0322   0.0322   0.0322
 -3.5185   0.0944   0.0315   0.0315   0.0315
 -3.4935   0.0923   0.0308   0.0308   0.0308
 -3.4685   0.0903   0.0301   0.0301   0.0301
 -3.4434   0.0883   0.0294   0.0294   0.0294
 -3.4184   0.0864   0.0288   0.0288   0.0288
 -3.3934   0.0846   0.0282   0.0282   0.0282
 -3.3684   0.0828   0.0276   0.0276   0.0276
 -3.3433   0.0811   0.0270   0.0270   0.0270
 -3.3183   0.0794   0.0265   0.0265   0.0265
 -3.2933   0.0778   0.0259   0.0259   0.0259
 -3.2683   0.0762   0.0254   0.0254   0.0254
 -3.2432   0.0747   0.0249   0.0249   0.0249
 -3.2182   0.0733   0.0244   0.0244   0.0244
 -3.1932   0.0718   0.0239   0.0239   0.0239
 -3.1682   0.0705   0.0235   0.0235   0.0235
 -3.1431   0.0691   0.0230   0.0230   0.0230
 -3.1181   0.0678   0.0226   0.0226   0.0226
 -3.0931   0.0665   0.0222   0.0222   0.0222
 -3.0681   0.0653   0.0218   0.0218   0.0218
 -3.0430   0.0641   0.0214   0.0214   0.0214
 -3.0180   0.0630   0.0210   0.0210   0.0210
 -2.9930   0.0618   0.0206   0.0206   0.0206
 -2.9680   0.0607   0.0202   0.0202   0.0202
 -2.9429   0.0597   0.0199   0.0199   0.0199
 -2.9179   0.0586   0.0195   0.0195   0.0195
 -2.8929   0.0576   0.0192   0.0192   0.0192
 -2.8679   0.0566   0.0189   0.0189   0.0189
 -2.8428   0.0557   0.0186   0.0186   0.0186
 -2.8178   0.0548   0.0182   0.0182   0.0183
 -2.7928   0.0538   0.0179   0.0179   0.0180
 -2.7678   0.0530   0.0177   0.0177   0.0177
 -2.7427   0.0521   0.0174   0.0174   0.0174
 -2.7177   0.0513   0.0171   0.0171   0.0171
 -2.6927   0.0504   0.0168   0.0168   0.0168
 -2.6677   0.0497   0.0165   0.0165   0.0166
 -2.6426   0.0489   0.0163   0.0163   0.0163
 -2.6176   0.0481   0.0160   0.0160   0.0160
 -2.5926   0.0474   0.0158   0.0158   0.0158
 -2.5676   0.0467   0.0155   0.0155   0.0156
 -2.5425   0.0460   0.0153   0.0153   0.0153
 -2.5175   0.0453   0.0151   0.0151   0.0151
 -2.4925   0.0446   0.0149   0.0149   0.0149
 -2.4675   0.0439   0.0146   0.0146   0.0147
 -2.4424   0.0433   0.0144   0.0144   0.0145
 -2.4174   0.0427   0.0142   0.0142   0.0142
 -2.3924   0.0421   0.0140   0.0140   0.0140
 -2.3674   0.0415   0.0138   0.0138   0.0138
 -2.3423   0.0409   0.0136   0.0136   0.0137
 -2.3173   0.0403   0.0134   0.0134   0.0135
 -2.2923   0.0398   0.0132   0.0132   0.0133
 -2.2673   0.0392   0.0131   0.0131   0.0131
 -2.2422   0.0387   0.0129   0.0129   0.0129
 -2.2172   0.0382   0.0127   0.0127   0.0128
 -2.1922   0.0377   0.0125   0.0125   0.0126
 -2.1672   0.0372   0.0124   0.0124   0.0124
 -2.1421   0.0367   0.0122   0.0122   0.0123
 -2.1171   0.0362   0.0121   0.0121   0.0121
 -2.0921   0.0358   0.0119   0.0119   0.0119
 -2.0671   0.0353   0.0118   0.0118   0.0118
 -2.0420   0.0349   0.0116   0.0116   0.0117
 -2.0170   0.0344   0.0115   0.0115   0.0115
 -1.9920   0.0340   0.0113   0.0113   0.0114
 -1.9670   0.0336   0.0112   0.0112   0.0112
 -1.9419   0.0332   0.0110   0.0110   0.0111
 -1.9169   0.0328   0.0109   0.0109   0.0110
 -1.8919   0.0324   0.0108   0.0108   0.0108
 -1.8669   0.0320   0.0107   0.0107   0.0107
 -1.8418   0.0316   0.0105   0.0105   0.0106
 -1.8168   0.0313   0.0104   0.0104   0.0105
 -1.7918   0.0309   0.0103   0.0103   0.0103
 -1.7668   0.0306   0.0102   0.0102   0.0102
 -1.7417   0.0302   0.0101   0.0101   0.0101
 -1.7167   0.0299   0.0099   0.0099   0.0100
 -1.6917   0.0296   0.0098   0.0098   0.0099
 -1.6667   0.0292   0.0097   0.0097   0.0098
 -1.6416   0.0289   0.0096   0.0096   0.0097
 -1.6166   0.0286   0.0095   0.0095   0.0096
 -1.5916   0.0283   0.0094   0.0094   0.0095
 -1.5666   0.0280   0.0093   0.0093   0.0094
 -1.5415   0.0277   0.0092   0.0092   0.0093
 -1.5165   0.0274   0.0091   0.0091   0.0092
 -1.4915   0.0272   0.0090   0.0090   0.0091
 -1.4665   0.0269   0.0089   0.0089   0.0090
 -1.4414   0.0266   0.0088   0.0088   0.0089
 -1.4164   0.0263   0.0088   0.0088   0.0088
 -1.3914   0.0261   0.0087   0.0087   0.0088
 -1.3664   0.0258   0.0086   0.0086   0.0087
 -1.3413   0.0256   0.0085   0.0085   0.0086
 -1.3163   0.0254   0.0084   0.0084   0.0085
 -1.2913   0.0251   0.0083   0.0083   0.0084
 -1.2663   0.0249   0.0083   0.0083   0.0084
 -1.2412   0.0247   0.0082   0.0082   0.0083
 -1.2162   0.0244   0.0081   0.0081   0.0082
 -1.1912   0.0242   0.0080   0.0080   0.0081
 -1.1662   0.0240   0.0080   0.0080   0.0081
 -1.1411   0.0238   0.0079   0.0079   0.0080
 -1.1161   0.0236   0.0078   0.0078   0.0079
 -1.0911   0.0234   0.0078   0.0078   0.0079
 -1.0661   0.0232   0.0077   0.0077   0.0078
 -1.0410   0.0230   0.0076   0.0076   0.0077
 -1.0160   0.0228   0.0076   0.0076   0.0077
 -0.9910   0.0226   0.0075   0.0075   0.0076
 -0.9660   0.0224   0.0074   0.0074   0.0076
 -0.9409   0.0223   0.0074   0.0074   0.0075
 -0.9159   0.0221   0.0073   0.0073   0.0075
 -0.8909   0.0219   0.0073   0.0073   0.0074
 -0.8659   0.0218   0.0072   0.0072   0.0074
 -0.8408   0.0216   0.0072   0.0072   0.0073
 -0.8158   0.0214   0.0071   0.0071   0.0073
 -0.7908   0.0213   0.0070   0.0070   0.0072
 -0.7658   0.0211   0.0070   0.0070   0.0072
 -0.7407   0.0210   0.0069   0.0069   0.0071
 -0.7157   0.0209   0.0069   0.0069   0.0071
 -0.6907   0.0207   0.0068   0.0068   0.0070
 -0.6657   0.0206   0.0068   0.0068   0.0070
 -0.6406   0.0204   0.0068   0.0068   0.0069
 -0.6156   0.0203   0.0067   0.0067   0.0069
 -0.5906   0.0202   0.0067   0.0067   0.0069
 -0.5656   0.0201   0.0066   0.0066   0.0068
 -0.5405   0.0200   0.0066   0.0066   0.0068
 -0.5155   0.0198   0.0065   0.0065   0.0068
 -0.4905   0.0197   0.0065   0.0065   0.0067
 -0.4655   0.0196   0.0065   0.0065   0.0067
 -0.4404   0.0195   0.0064   0.0064   0.0067
 -0.4154   0.0194   0.0064   0.0064   0.0066
 -0.3904   0.0193   0.0064   0.0064   0.0066
 -0.3654   0.0192   0.0063   0.0063   0.0066
 -0.3403   0.0191   0.0063   0.0063   0.0065
 -0.3153   0.0190   0.0063   0.0063   0.0065
 -0.2903   0.0190   0.0062   0.0062   0.0065
 -0.2653   0.0189   0.0062   0.0062   0.0065
 -0.2402   0.0188   0.0062   0.0062   0.0065
 -0.2152   0.0187   0.0061   0.0061   0.0064
 -0.1902   0.0187   0.0061   0.0061   0.0064
 -0.1652   0.0186   0.0061   0.0061   0.0064
 -0.1401   0.0185   0.0061   0.0061   0.0064
 -0.1151   0.0185   0.0060   0.0060   0.0064
 -0.0901   0.0184   0.0060   0.0060   0.0064
 -0.0651   0.0183   0.0060   0.0060   0.0063
 -0.0400   0.0183   0.0060   0.0060   0.0063
 -0.0150   0.0183   0.0060   0.0060   0.0063
  0.0100   0.0182   0.0059   0.0059   0.0063
  0.0350   0.0182   0.0059   0.0059   0.0063
  0.0601   0.0181   0.0059   0.0059   0.0063
  0.0851   0.0181   0.0059   0.0059   0.0063
  0.1101   0.0181   0.0059   0.0059   0.0063
  0.1351   0.0181   0.0059   0.0059   0.0063
  0.1602   0.0180   0.0059   0.0059   0.0063
  0.1852   0.0180   0.0059   0.0059   0.0063
  0.2102   0.0180   0.0059   0.0059   0.0063
  0.2352   0.0180   0.0058   0.0058   0.0063
  0.2603   0.0180   0.0058   0.0058   0.0063
  0.2853   0.0180   0.0058   0.0058   0.0064
  0.3103   0.0180   0.0058   0.0058   0.0064
  0.3353   0.0181   0.0058   0.0058   0.0064
  0.3604   0.0181   0.0058   0.0058   0.0064
  0.3854   0.0181   0.0058   0.0058   0.0064
  0.4104   0.0181   0.0058   0.0058   0.0065
  0.4354   0.0182   0.0058   0.0058   0.0065
  0.4605   0.0182   0.0059   0.0059   0.0065
  0.4855   0.0183   0.0059   0.0059   0.0066
  0.5105   0.0183   0.0059   0.0059   0.0066
  0.5355   0.0184   0.0059   0.0059   0.0066
  0.5606   0.0185   0.0059   0.0059   0.0067
  0.5856   0.0186   0.0059   0.0059   0.0067
  0.6106   0.0187   0.0059   0.0059   0.0068
  0.6356   0.0187   0.0060   0.0060   0.0068
  0.6607   0.0189   0.0060   0.0060   0.0069
  0.6857   0.0190   0.0060   0.0060   0.0069
  0.7107   0.0191   0.0060   0.0060   0.0070
  0.7357   0.0192   0.0061   0.0061   0.0071
  0.7608   0.0194   0.0061   0.0061   0.0072
  0.7858   0.0195   0.0062   0.0062   0.0072
  0.8108   0.0197   0.0062   0.0062   0.0073
  0.8358   0.0199   0.0062   0.0062   0.0074
  0.8609   0.0201   0.0063   0.0063   0.0075
  0.8859   0.0203   0.0063   0.0063   0.0076
  0.9109   0.0205   0.0064   0.0064   0.0077
  0.9359   0.0208   0.0065   0.0065   0.0079
  0.9610   0.0210   0.0065   0.0065   0.0080
  0.9860   0.0213   0.0066   0.0066   0.0081
  1.0110   0.0216   0.0067   0.0067   0.0083
  1.0360   0.0219   0.0067   0.0067   0.0084
  1.0611   0.0223   0.0068   0.0068   0.0086
  1.0861   0.0226   0.0069   0.0069   0.0088
  1.1111   0.0230   0.0070   0.0070   0.0090
  1.1361   0.0234   0.0071   0.0071   0.0092
  1.1612   0.0239   0.0073   0.0073   0.0094
  1.1862   0.0244   0.0074   0.0074   0.0096
  1.2112   0.0249   0.0075   0.0075   0.0099
  1.2362   0.0255   0.0077   0.0077   0.0101
  1.2613   0.0261   0.0078   0.0078   0.0104
  1.2863   0.0267   0.0080   0.0080   0.0108
  1.3113   0.0274   0.0082   0.0082   0.0111
  1.3363   0.0282   0.0083   0.0083   0.0115
  1.3614   0.0290   0.0086   0.0086   0.0119
  1.3864   0.0299   0.0088   0.0088   0.0123
  1.4114   0.0308   0.0090   0.0090   0.0128
  1.4364   0.0319   0.0093   0.0093   0.0133
  1.4615   0.0330   0.0096   0.0096   0.0138
  1.4865   0.0342   0.0099   0.0099   0.0144
  1.5115   0.0355   0.0102   0.0102   0.0151
  1.5365   0.0370   0.0106   0.0106   0.0158
  1.5616   0.0386   0.0110   0.0110   0.0166
  1.5866   0.0404   0.0115   0.0115   0.0174
  1.6116   0.0423   0.0120   0.0120   0.0184
  1.6366   0.0444   0.0125   0.0125   0.0194
  1.6617   0.0468   0.0131   0.0131   0.0206
  1.6867   0.0494   0.0138   0.0138   0.0219
  1.7117   0.0524   0.0145   0.0145   0.0233
  1.7367   0.0556   0.0154   0.0154   0.0249
  1.7618   0.0593   0.0163   0.0163   0.0267
  1.7868   0.0633   0.0173   0.0173   0.0287
  1.8118   0.0680   0.0185   0.0185   0.0310
  1.8368   0.0732   0.0198   0.0198   0.0336
  1.8619   0.0791   0.0213   0.0213   0.0365
  1.8869   0.0859   0.0230   0.0230   0.0399
  1.9119   0.0936   0.0250   0.0250   0.0437
  1.9369   0.1025   0.0272   0.0272   0.0481
  1.9620   0.1128   0.0298   0.0298   0.0532
  1.9870   0.1246   0.0328   0.0328   0.0591
  2.0120   0.1383   0.0362   0.0362   0.0659
  2.0370   0.1542   0.0402   0.0402   0.0738
  2.0621   0.1726   0.0449   0.0449   0.0829
  2.0871   0.1938   0.0502   0.0502   0.0934
  2.1121   0.2180   0.0562   0.0562   0.1055
  2.1371   0.2452   0.0631   0.0631   0.1190
  2.1622   0.2751   0.0706   0.0706   0.1339
  2.1872   0.3068   0.0785   0.0785   0.1497
  2.2122   0.3385   0.0865   0.0865   0.1655
  2.2372   0.3675   0.0938   0.0938   0.1799
  2.2623   0.3905   0.0996   0.0996   0.1913
  2.2873   0.4042   0.1031   0.1031   0.1981
  2.3123   0.4062   0.1036   0.1036   0.1990
  2.3373   0.3963   0.1012   0.1012   0.1939
  2.3624   0.3761   0.0962   0.0962   0.1837
  2.3874   0.3488   0.0894   0.0894   0.1700
  2.4124   0.3180   0.0818   0.0818   0.1544
  2.4374   0.2864   0.0739   0.0739   0.1385
  2.4625   0.2562   0.0664   0.0664   0.1233
  2.4875   0.2284   0.0596   0.0596   0.1093
  2.5125   0.2036   0.0535   0.0535   0.0967
  2.5375   0.1819   0.0481   0.0481   0.0857
  2.5626   0.1631   0.0435   0.0435   0.0762
  2.5876   0.1469   0.0395   0.0395   0.0679
  2.6126   0.1330   0.0361   0.0361   0.0608
  2.6376   0.1211   0.0332   0.0332   0.0546
  2.6627   0.1108   0.0308   0.0308   0.0493
  2.6877   0.1020   0.0287   0.0287   0.0446
  2.7127   0.0945   0.0269   0.0269   0.0406
  2.7377   0.0880   0.0254   0.0254   0.0371
  2.7628   0.0824   0.0242   0.0242   0.0340
  2.7878   0.0776   0.0231   0.0231   0.0313
  2.8128   0.0735   0.0223   0.0223   0.0290
  2.8378   0.0700   0.0216   0.0216   0.0269
  2.8629   0.0670   0.0210   0.0210   0.0250
  2.8879   0.0645   0.0206   0.0206   0.0233
  2.9129   0.0624   0.0203   0.0203   0.0218
  2.9379   0.0607   0.0201   0.0201   0.0204
  2.9630   0.0593   0.0201   0.0201   0.0192
  2.9880   0.0583   0.0201   0.0201   0.0181
  3.0130   0.0576   0.0202   0.0202   0.0171
  3.0380   0.0573   0.0205   0.0205   0.0162
  3.0631   0.0572   0.0209   0.0209   0.0154
  3.0881   0.0574   0.0214   0.0214   0.0147
  3.1131   0.0580   0.0220   0.0220   0.0140
  3.1381   0.0589   0.0228   0.0228   0.0133
  3.1632   0.0601   0.0237   0.0237   0.0127
  3.1882   0.0617   0.0248   0.0248   0.0122
  3.2132   0.0638   0.0260   0.0260   0.0117
  3.2382   0.0663   0.0275   0.0275   0.0113
  3.2633   0.0693   0.0292   0.0292   0.0108
  3.2883   0.0729   0.0312   0.0312   0.0104
  3.3133   0.0772   0.0336   0.0336   0.0101
  3.3383   0.0822   0.0363   0.0363   0.0097
  3.3634   0.0882   0.0394   0.0394   0.0094
  3.3884   0.0952   0.0431   0.0431   0.0091
  3.4134   0.1035   0.0473   0.0473   0.0088
  3.4384   0.1132   0.0523   0.0523   0.0086
  3.4635   0.1245   0.0581   0.0581   0.0083
  3.4885   0.1378   0.0648   0.0648   0.0081
  3.5135   0.1531   0.0726   0.0726   0.0079
  3.5385   0.1707   0.0815   0.0815   0.0077
  3.5636   0.1907   0.0916   0.0916   0.0075
  3.5886   0.2126   0.1027   0.1027   0.0073
  3.6136   0.2359   0.1144   0.1144   0.0071
  3.6386   0.2592   0.1261   0.1261   0.0070
  3.6637   0.2805   0.1368   0.1368   0.0068
  3.6887   0.2973   0.1453   0.1453   0.0067
  3.7137   0.3071   0.1503   0.1503   0.0066
  3.7387   0.3081   0.1508   0.1508   0.0064
  3.7638   0.3003   0.1470   0.1470   0.0063
  3.7888   0.2847   0.1393   0.1393   0.0062
  3.8138   0.2639   0.1289   0.1289   0.0061
  3.8388   0.2405   0.1172   0.1172   0.0060
  3.8639   0.2164   0.1053   0.1053   0.0059
  3.8889   0.1934   0.0938   0.0938   0.0058
  3.9139   0.1723   0.0833   0.0833   0.0057
  3.9389   0.1534   0.0739   0.0739   0.0057
  3.9640   0.1368   0.0656   0.0656   0.0056
  3.9890   0.1223   0.0584   0.0584   0.0055
  4.0140   0.1098   0.0522   0.0522   0.0055
  4.0390   0.0990   0.0468   0.0468   0.0054
  4.0641   0.0897   0.0422   0.0422   0.0054
  4.0891   0.0816   0.0381   0.0381   0.0053
  4.1141   0.0745   0.0346   0.0346   0.0053
  4.1391   0.0684   0.0316   0.0316   0.0052
  4.1642   0.0631   0.0290   0.0290   0.0052
  4.1892   0.0584   0.0266   0.0266   0.0051
  4.2142   0.0543   0.0246   0.0246   0.0051
  4.2392   0.0506   0.0228   0.0228   0.0051
  4.2643   0.0474   0.0212   0.0212   0.0050
  4.2893   0.0445   0.0197   0.0197   0.0050
  4.3143   0.0419   0.0185   0.0185   0.0050
  4.3393   0.0396   0.0173   0.0173   0.0050
  4.3644   0.0375   0.0163   0.0163   0.0050
  4.3894   0.0357   0.0153   0.0153   0.0050
  4.4144   0.0340   0.0145   0.0145   0.0050
  4.4394   0.0324   0.0137   0.0137   0.0050
  4.4645   0.0310   0.0130   0.0130   0.0050
  4.4895   0.0298   0.0124   0.0124   0.0050
  4.5145   0.0286   0.0118   0.0118   0.0050
  4.5395   0.0276   0.0113   0.0113   0.0050
  4.5646   0.0266   0.0108   0.0108   0.0050
  4.5896   0.0257   0.0103   0.0103   0.0051
  4.6146   0.0249   0.0099   0.0099   0.0051
  4.6396   0.0242   0.0095   0.0095   0.0051
  4.6647   0.0235   0.0092   0.0092   0.0052
  4.6897   0.0229   0.0088   0.0088   0.0052
  4.7147   0.0223   0.0085   0.0085   0.0053
  4.7397   0.0218   0.0082   0.0082   0.0054
  4.7648   0.0213   0.0080   0.0080   0.0054
  4.7898   0.0209   0.0077   0.0077   0.0055
  4.8148   0.0205   0.0075   0.0075   0.0056
  4.8398   0.0202   0.0072   0.0072   0.0057
  4.8649   0.0199   0.0070   0.0070   0.0058
  4.8899   0.0196   0.0068   0.0068   0.0059
  4.9149   0.0194   0.0067   0.0067   0.0061
  4.9399   0.0192   0.0065   0.0065   0.0062
  4.9650   0.0190   0.0063   0.0063   0.0064
  4.9900   0.0189   0.0062   0.0062   0.0066
  5.0150   0.0188   0.0060   0.0060   0.0068
  5.0400   0.0188   0.0059   0.0059   0.0070
  5.0651   0.0188   0.0057   0.0057   0.0073
  5.0901   0.0188   0.0056   0.0056   0.0076
  5.1151   0.0189   0.0055   0.0055   0.0079
  5.1401   0.0190   0.0054   0.0054   0.0083
  5.1652   0.0192   0.0053   0.0053   0.0087
  5.1902   0.0195   0.0052   0.0052   0.0091
  5.2152   0.0198   0.0051   0.0051   0.0097
  5.2402   0.0202   0.0050   0.0050   0.0102
  5.2653   0.0207   0.0049   0.0049   0.0109
  5.2903   0.0213   0.0048   0.0048   0.0117
  5.3153   0.0220   0.0047   0.0047   0.0126
  5.3403   0.0228   0.0046   0.0046   0.0136
  5.3654   0.0239   0.0046   0.0046   0.0147
  5.3904   0.0250   0.0045   0.0045   0.0160
  5.4154   0.0265   0.0044   0.0044   0.0176
  5.4404   0.0281   0.0044   0.0044   0.0194
  5.4655   0.0301   0.0043   0.0043   0.0214
  5.4905   0.0323   0.0042   0.0042   0.0239
  5.5155   0.0350   0.0042   0.0042   0.0266
  5.5405   0.0381   0.0041   0.0041   0.0298
  5.5656   0.0415   0.0041   0.0041   0.0334
  5.5906   0.0453   0.0040   0.0040   0.0373
  5.6156   0.0494   0.0040   0.0040   0.0414
  5.6406   0.0534   0.0039   0.0039   0.0455
  5.6657   0.0570   0.0039   0.0039   0.0493
  5.6907   0.0599   0.0039   0.0039   0.0522
  5.7157   0.0615   0.0038   0.0038   0.0539
  5.7407   0.0615   0.0038   0.0038   0.0540
  5.7658   0.0600   0.0037   0.0037   0.0526
  5.7908   0.0572   0.0037   0.0037   0.0498
  5.8158   0.0535   0.0037   0.0037   0.0462
  5.8408   0.0494   0.0036   0.0036   0.0421
  5.8659   0.0451   0.0036   0.0036   0.0379
  5.8909   0.0411   0.0036   0.0036   0.0340
  5.9159   0.0374   0.0035   0.0035   0.0303
  5.9409   0.0341   0.0035   0.0035   0.0271
  5.9660   0.0311   0.0035   0.0035   0.0242
  5.9910   0.0286   0.0034   0.0034   0.0217
  6.0160   0.0264   0.0034   0.0034   0.0195
  6.0410   0.0245   0.0034   0.0034   0.0177
  6.0661   0.0228   0.0034   0.0034   0.0161
  6.0911   0.0214   0.0033   0.0033   0.0147
  6.1161   0.0201   0.0033   0.0033   0.0135
  6.1411   0.0191   0.0033   0.0033   0.0125
  6.1662   0.0181   0.0033   0.0033   0.0115
  6.1912   0.0173   0.0033   0.0033   0.0107
  6.2162   0.0165   0.0032   0.0032   0.0100
  6.2412   0.0159   0.0032   0.0032   0.0094
  6.2663   0.0153   0.0032   0.0032   0.0089
  6.2913   0.0148   0.0032   0.0032   0.0084
  6.3163   0.0143   0.0032   0.0032   0.0079
  6.3413   0.0139   0.0032   0.0032   0.0075
  6.3664   0.0135   0.0031   0.0031   0.0072
  6.3914   0.0131   0.0031   0.0031   0.0069
  6.4164   0.0128   0.0031   0.0031   0.0066
  6.4414   0.0125   0.0031   0.0031   0.0063
  6.4665   0.0123   0.0031   0.0031   0.0061
  6.4915   0.0120   0.0031   0.0031   0.0059
  6.5165   0.0118   0.0031   0.0031   0.0057
  6.5415   0.0116   0.0031   0.0031   0.0055
  6.5666   0.0114   0.0030   0.0030   0.0053
  6.5916   0.0113   0.0030   0.0030   0.0052
  6.6166   0.0111   0.0030   0.0030   0.0050
  6.6416   0.0109   0.0030   0.0030   0.0049
  6.6667   0.0108   0.0030   0.0030   0.0048
  6.6917   0.0107   0.0030   0.0030   0.0047
  6.7167   0.0106   0.0030   0.0030   0.0046
  6.7417   0.0105   0.0030   0.0030   0.0045
  6.7668   0.0104   0.0030   0.0030   0.0044
  6.7918   0.0103   0.0030   0.0030   0.0043
  6.8168   0.0102   0.0030   0.0030   0.0043
  6.8418   0.0101   0.0030   0.0030   0.0042
  6.8669   0.0100   0.0030   0.0030   0.0041
  6.8919   0.0100   0.0029   0.0029   0.0041
  6.9169   0.0099   0.0029   0.0029   0.0040
  6.9419   0.0098   0.0029   0.0029   0.0039
  6.9670   0.0098   0.0029   0.0029   0.0039
  6.9920   0.0097   0.0029   0.0029   0.0039
  7.0170   0.0097   0.0029   0.0029   0.0038
  7.0420   0.0096   0.0029   0.0029   0.0038
  7.0671   0.0096   0.0029   0.0029   0.0037
  7.0921   0.0096   0.0029   0.0029   0.0037
  7.1171   0.0095   0.0029   0.0029   0.0037
  7.1421   0.0095   0.0029   0.0029   0.0036
  7.1672   0.0095   0.0029   0.0029   0.0036
  7.1922   0.0094   0.0029   0.0029   0.0036
  7.2172   0.0094   0.0029   0.0029   0.0036
  7.2422   0.0094   0.0029   0.0029   0.0035
  7.2673   0.0094   0.0029   0.0029   0.0035
  7.2923   0.0093   0.0029   0.0029   0.0035
  7.3173   0.0093   0.0029   0.0029   0.0035
  7.3423   0.0093   0.0029   0.0029   0.0035
  7.3674   0.0093   0.0029   0.0029   0.0034
  7.3924   0.0093   0.0029   0.0029   0.0034
  7.4174   0.0093   0.0029   0.0029   0.0034
  7.4424   0.0093   0.0029   0.0029   0.0034
  7.4675   0.0093   0.0029   0.0029   0.0034
  7.4925   0.0093   0.0030   0.0030   0.0034
  7.5175   0.0093   0.0030   0.0030   0.0034
  7.5425   0.0093   0.0030   0.0030   0.0034
  7.5676   0.0093   0.0030   0.0030   0.0034
  7.5926   0.0093   0.0030   0.0030   0.0033
  7.6176   0.0093   0.0030   0.0030   0.0033
  7.6426   0.0093   0.0030   0.0030   0.0033
  7.6677   0.0093   0.0030   0.0030   0.0033
  7.6927   0.0093   0.0030   0.0030   0.0033
  7.7177   0.0094   0.0030   0.0030   0.0033
  7.7427   0.0094   0.0030   0.0030   0.0033
  7.7678   0.0094   0.0030   0.0030   0.0033
  7.7928   0.0094   0.0030   0.0030   0.0033
  7.8178   0.0094   0.0030   0.0030   0.0033
  7.8428   0.0094   0.0031   0.0031   0.0033
  7.8679   0.0095   0.0031   0.0031   0.0033
  7.8929   0.0095   0.0031   0.0031   0.0033
  7.9179   0.0095   0.0031   0.0031   0.0034
  7.9429   0.0095   0.0031   0.0031   0.0034
  7.9680   0.0096   0.0031   0.0031   0.0034
  7.9930   0.0096   0.0031   0.0031   0.0034
  8.0180   0.0096   0.0031   0.0031   0.0034
  8.0430   0.0097   0.0031   0.0031   0.0034
  8.0681   0.0097   0.0032   0.0032   0.0034
  8.0931   0.0097   0.0032   0.0032   0.0034
  8.1181   0.0098   0.0032   0.0032   0.0034
  8.1431   0.0098   0.0032   0.0032   0.0034
  8.1682   0.0099   0.0032   0.0032   0.0034
  8.1932   0.0099   0.0032   0.0032   0.0034
  8.2182   0.0099   0.0032   0.0032   0.0035
  8.2432   0.0100   0.0033   0.0033   0.0035
  8.2683   0.0100   0.0033   0.0033   0.0035
  8.2933   0.0101   0.0033   0.0033   0.0035
  8.3183   0.0101   0.0033   0.0033   0.0035
  8.3433   0.0102   0.0033   0.0033   0.0035
  8.3684   0.0102   0.0033   0.0033   0.0035
  8.3934   0.0103   0.0034   0.0034   0.0036
  8.4184   0.0103   0.0034   0.0034   0.0036
  8.4434   0.0104   0.0034   0.0034   0.0036
  8.4685   0.0105   0.0034   0.0034   0.0036
  8.4935   0.0105   0.0034   0.0034   0.0036
  8.5185   0.0106   0.0035   0.0035   0.0037
  8.5435   0.0107   0.0035   0.0035   0.0037
  8.5686   0.0107   0.0035   0.0035   0.0037
  8.5936   0.0108   0.0035   0.0035   0.0037
  8.6186   0.0109   0.0036   0.0036   0.0037
  8.6436   0.0109   0.0036   0.0036   0.0038
  8.6687   0.0110   0.0036   0.0036   0.0038
  8.6937   0.0111   0.0036   0.0036   0.0038
  8.7187   0.0112   0.0037   0.0037   0.0038
  8.7437   0.0112   0.0037   0.0037   0.0039
  8.7688   0.0113   0.0037   0.0037   0.0039
  8.7938   0.0114   0.0037   0.0037   0.0039
  8.8188   0.0115   0.0038   0.0038   0.0040
  8.8438   0.0116   0.0038   0.0038   0.0040
  8.8689   0.0117   0.0038   0.0038   0.0040
  8.8939   0.0118   0.0039   0.0039   0.0041
  8.9189   0.0119   0.0039   0.0039   0.0041
  8.9439   0.0120   0.0039   0.0039   0.0041
  8.9690   0.0121   0.0040   0.0040   0.0042
  8.9940   0.0122   0.0040   0.0040   0.0042
  9.0190   0.0123   0.0040   0.0040   0.0042
  9.0440   0.0124   0.0041   0.0041   0.0043
  9.0691   0.0125   0.0041   0.0041   0.0043
  9.0941   0.0126   0.0041   0.0041   0.0043
  9.1191   0.0127   0.0042   0.0042   0.0044
  9.1441   0.0129   0.0042   0.0042   0.0044
  9.1692   0.0130   0.0043   0.0043   0.0045
  9.1942   0.0131   0.0043   0.0043   0.0045
  9.2192   0.0132   0.0043   0.0043   0.0046
  9.2442   0.0134   0.0044   0.0044   0.0046
  9.2693   0.0135   0.0044   0.0044   0.0047
  9.2943   0.0136   0.0045   0.0045   0.0047
  9.3193   0.0138   0.0045   0.0045   0.0048
  9.3443   0.0139   0.0046   0.0046   0.0048
  9.3694   0.0141   0.0046   0.0046   0.0049
  9.3944   0.0142   0.0047   0.0047   0.0049
  9.4194   0.0144   0.0047   0.0047   0.0050
  9.4444   0.0146   0.0048   0.0048   0.0050
  9.4695   0.0147   0.0048   0.0048   0.0051
  9.4945   0.0149   0.0049   0.0049   0.0051
  9.5195   0.0151   0.0049   0.0049   0.0052
  9.5445   0.0153   0.0050   0.0050   0.0053
  9.5696   0.0154   0.0051   0.0051   0.0053
  9.5946   0.0156   0.0051   0.0051   0.0054
  9.6196   0.0158   0.0052   0.0052   0.0055
  9.6446   0.0160   0.0052   0.0052   0.0055
  9.6697   0.0162   0.0053   0.0053   0.0056
  9.6947   0.0164   0.0054   0.0054   0.0057
  9.7197   0.0167   0.0054   0.0054   0.0058
  9.7447   0.0169   0.0055   0.0055   0.0059
  9.7698   0.0171   0.0056   0.0056   0.0059
  9.7948   0.0174   0.0057   0.0057   0.0060
  9.8198   0.0176   0.0057   0.0057   0.0061
  9.8448   0.0178   0.0058   0.0058   0.0062
  9.8699   0.0181   0.0059   0.0059   0.0063
  9.8949   0.0184   0.0060   0.0060   0.0064
  9.9199   0.0186   0.0061   0.0061   0.0065
  9.9449   0.0189   0.0062   0.0062   0.0066
  9.9700   0.0192   0.0063   0.0063   0.0067
  9.9950   0.0195   0.0063   0.0063   0.0068
 10.0200   0.0198   0.0064   0.0064   0.0069
 10.0450   0.0201   0.0065   0.0065   0.0070
 10.0701   0.0204   0.0066   0.0066   0.0071
 10.0951   0.0208   0.0068   0.0068   0.0073
 10.1201   0.0211   0.0069   0.0069   0.0074
 10.1451   0.0215   0.0070   0.0070   0.0075
 10.1702   0.0218   0.0071   0.0071   0.0077
 10.1952   0.0222   0.0072   0.0072   0.0078
 10.2202   0.0226   0.0073   0.0073   0.0079
 10.2452   0.0230   0.0075   0.0075   0.0081
 10.2703   0.0234   0.0076   0.0076   0.0082
 10.2953   0.0238   0.0077   0.0077   0.0084
 10.3203   0.0243   0.0079   0.0079   0.0086
 10.3453   0.0247   0.0080   0.0080   0.0087
 10.3704   0.0252   0.0081   0.0081   0.0089
 10.3954   0.0257   0.0083   0.0083   0.0091
 10.4204   0.0262   0.0084   0.0084   0.0093
 10.4454   0.0267   0.0086   0.0086   0.0095
 10.4705   0.0272   0.0088   0.0088   0.0097
 10.4955   0.0278   0.0089   0.0089   0.0099
 10.5205   0.0284   0.0091   0.0091   0.0101
 10.5455   0.0289   0.0093   0.0093   0.0103
 10.5706   0.0296   0.0095   0.0095   0.0106
 10.5956   0.0302   0.0097   0.0097   0.0108
 10.6206   0.0309   0.0099   0.0099   0.0111
 10.6456   0.0316   0.0101   0.0101   0.0113
 10.6707   0.0323   0.0103   0.0103   0.0116
 10.6957   0.0330   0.0106   0.0106   0.0119
 10.7207   0.0338   0.0108   0.0108   0.0122
 10.7457   0.0346   0.0110   0.0110   0.0125
 10.7708   0.0354   0.0113   0.0113   0.0128
 10.7958   0.0363   0.0115   0.0115   0.0132
 10.8208   0.0372   0.0118   0.0118   0.0135
 10.8458   0.0381   0.0121   0.0121   0.0139
 10.8709   0.0391   0.0124   0.0124   0.0143
 10.8959   0.0401   0.0127   0.0127   0.0147
 10.9209   0.0412   0.0130   0.0130   0.0152
 10.9459   0.0423   0.0134   0.0134   0.0156
 10.9710   0.0435   0.0137   0.0137   0.0161
 10.9960   0.0447   0.0141   0.0141   0.0166
 11.0210   0.0460   0.0144   0.0144   0.0171
 11.0460   0.0473   0.0148   0.0148   0.0177
 11.0711   0.0488   0.0152   0.0152   0.0183
 11.0961   0.0502   0.0157   0.0157   0.0189
 11.1211   0.0518   0.0161   0.0161   0.0195
 11.1461   0.0534   0.0166   0.0166   0.0202
 11.1712   0.0551   0.0171   0.0171   0.0210
 11.1962   0.0569   0.0176   0.0176   0.0217
 11.2212   0.0588   0.0181   0.0181   0.0226
 11.2462   0.0609   0.0187   0.0187   0.0234
 11.2713   0.0630   0.0193   0.0193   0.0244
 11.2963   0.0652   0.0199   0.0199   0.0254
 11.3213   0.0676   0.0206   0.0206   0.0265
 11.3463   0.0701   0.0213   0.0213   0.0276
 11.3714   0.0728   0.0220   0.0220   0.0288
 11.3964   0.0757   0.0228   0.0228   0.0301
 11.4214   0.0787   0.0236   0.0236   0.0316
 11.4464   0.0820   0.0244   0.0244   0.0331
 11.4715   0.0854   0.0253   0.0253   0.0348
 11.4965   0.0891   0.0263   0.0263   0.0366
 11.5215   0.0931   0.0273   0.0273   0.0385
 11.5465   0.0974   0.0284   0.0284   0.0406
 11.5716   0.1020   0.0295   0.0295   0.0429
 11.5966   0.1069   0.0307   0.0307   0.0455
 11.6216   0.1123   0.0320   0.0320   0.0483
 11.6466   0.1182   0.0334   0.0334   0.0513
 11.6717   0.1245   0.0349   0.0349   0.0547
 11.6967   0.1314   0.0365   0.0365   0.0585
 11.7217   0.1390   0.0381   0.0381   0.0627
 11.7467   0.1472   0.0399   0.0399   0.0673
 11.7718   0.1564   0.0419   0.0419   0.0726
 11.7968   0.1664   0.0440   0.0440   0.0785
 11.8218   0.1776   0.0462   0.0462   0.0851
 11.8468   0.1900   0.0487   0.0487   0.0927
 11.8719   0.2039   0.0513   0.0513   0.1013
 11.8969   0.2195   0.0542   0.0542   0.1112
 11.9219   0.2370   0.0573   0.0573   0.1225
 11.9469   0.2567   0.0606   0.0606   0.1354
 11.9720   0.2790   0.0643   0.0643   0.1504
 11.9970   0.3044   0.0683   0.0683   0.1677
 12.0220   0.3330   0.0728   0.0728   0.1875
 12.0470   0.3654   0.0776   0.0776   0.2101
 12.0721   0.4016   0.0830   0.0830   0.2356
 12.0971   0.4417   0.0890   0.0890   0.2638
 12.1221   0.4851   0.0956   0.0956   0.2940
 12.1471   0.5307   0.1029   0.1029   0.3249
 12.1722   0.5765   0.1111   0.1111   0.3542
 12.1972   0.6197   0.1203   0.1203   0.3791
 12.2222   0.6577   0.1307   0.1307   0.3963
 12.2472   0.6882   0.1424   0.1424   0.4034
 12.2723   0.7110   0.1557   0.1557   0.3996
 12.2973   0.7278   0.1709   0.1709   0.3860
 12.3223   0.7417   0.1882   0.1882   0.3654
 12.3473   0.7568   0.2080   0.2080   0.3408
 12.3724   0.7769   0.2308   0.2308   0.3153
 12.3974   0.8052   0.2572   0.2572   0.2909
 12.4224   0.8441   0.2876   0.2876   0.2690
 12.4474   0.8955   0.3227   0.3227   0.2502
 12.4725   0.9609   0.3631   0.3631   0.2348
 12.4975   1.0413   0.4093   0.4093   0.2227
 12.5225   1.1368   0.4615   0.4615   0.2138
 12.5475   1.2468   0.5194   0.5194   0.2080
 12.5726   1.3682   0.5816   0.5816   0.2050
 12.5976   1.4957   0.6455   0.6455   0.2047
 12.6226   1.6203   0.7065   0.7065   0.2072
 12.6476   1.7303   0.7589   0.7589   0.2124
 12.6727   1.8135   0.7965   0.7965   0.2205
 12.6977   1.8603   0.8143   0.8143   0.2317
 12.7227   1.8683   0.8111   0.8111   0.2461
 12.7477   1.8427   0.7892   0.7892   0.2642
 12.7728   1.7951   0.7543   0.7543   0.2864
 12.7978   1.7396   0.7132   0.7132   0.3133
 12.8228   1.6888   0.6718   0.6718   0.3452
 12.8478   1.6521   0.6346   0.6346   0.3829
 12.8729   1.6355   0.6045   0.6045   0.4265
 12.8979   1.6411   0.5826   0.5826   0.4760
 12.9229   1.6681   0.5687   0.5687   0.5306
 12.9479   1.7119   0.5618   0.5618   0.5884
 12.9730   1.7647   0.5595   0.5595   0.6458
 12.9980   1.8147   0.5586   0.5586   0.6975
 13.0230   1.8478   0.5554   0.5554   0.7371
 13.0480   1.8507   0.5462   0.5462   0.7584
 13.0731   1.8147   0.5286   0.5286   0.7575
 13.0981   1.7389   0.5022   0.5022   0.7344
 13.1231   1.6299   0.4685   0.4685   0.6929
 13.1481   1.4995   0.4303   0.4303   0.6390
 13.1732   1.3600   0.3904   0.3904   0.5791
 13.1982   1.2216   0.3515   0.3515   0.5186
 13.2232   1.0911   0.3150   0.3150   0.4611
 13.2482   0.9721   0.2819   0.2819   0.4084
 13.2733   0.8661   0.2523   0.2523   0.3614
 13.2983   0.7728   0.2263   0.2263   0.3202
 13.3233   0.6914   0.2035   0.2035   0.2844
 13.3483   0.6206   0.1836   0.1836   0.2533
 13.3734   0.5592   0.1663   0.1663   0.2265
 13.3984   0.5057   0.1512   0.1512   0.2033
 13.4234   0.4591   0.1379   0.1379   0.1832
 13.4484   0.4184   0.1263   0.1263   0.1658
 13.4735   0.3826   0.1160   0.1160   0.1506
 13.4985   0.3512   0.1069   0.1069   0.1373
 13.5235   0.3234   0.0989   0.0989   0.1256
 13.5485   0.2987   0.0917   0.0917   0.1153
 13.5736   0.2767   0.0853   0.0853   0.1062
 13.5986   0.2571   0.0795   0.0795   0.0981
 13.6236   0.2395   0.0743   0.0743   0.0909
 13.6486   0.2236   0.0696   0.0696   0.0844
 13.6737   0.2093   0.0653   0.0653   0.0786
 13.6987   0.1963   0.0614   0.0614   0.0734
 13.7237   0.1845   0.0579   0.0579   0.0687
 13.7487   0.1737   0.0546   0.0546   0.0644
 13.7738   0.1639   0.0517   0.0517   0.0605
 13.7988   0.1549   0.0490   0.0490   0.0570
 13.8238   0.1466   0.0464   0.0464   0.0537
 13.8488   0.1390   0.0441   0.0441   0.0508
 13.8739   0.1320   0.0420   0.0420   0.0481
 13.8989   0.1255   0.0400   0.0400   0.0455
 13.9239   0.1195   0.0381   0.0381   0.0432
 13.9489   0.1139   0.0364   0.0364   0.0411
 13.9740   0.1087   0.0348   0.0348   0.0391
 13.9990   0.1038   0.0333   0.0333   0.0373
 14.0240   0.0993   0.0319   0.0319   0.0356
 14.0490   0.0951   0.0306   0.0306   0.0340
 14.0741   0.0911   0.0293   0.0293   0.0325
 14.0991   0.0874   0.0282   0.0282   0.0311
 14.1241   0.0840   0.0271   0.0271   0.0298
 14.1491   0.0807   0.0261   0.0261   0.0286
 14.1742   0.0776   0.0251   0.0251   0.0274
 14.1992   0.0747   0.0242   0.0242   0.0263
 14.2242   0.0720   0.0233   0.0233   0.0253
 14.2492   0.0694   0.0225   0.0225   0.0244
 14.2743   0.0669   0.0217   0.0217   0.0235
 14.2993   0.0646   0.0210   0.0210   0.0226
 14.3243   0.0624   0.0203   0.0203   0.0218
 14.3493   0.0604   0.0196   0.0196   0.0211
 14.3744   0.0584   0.0190   0.0190   0.0204
 14.3994   0.0565   0.0184   0.0184   0.0197
 14.4244   0.0547   0.0178   0.0178   0.0190
 14.4494   0.0530   0.0173   0.0173   0.0184
 14.4745   0.0514   0.0168   0.0168   0.0178
 14.4995   0.0499   0.0163   0.0163   0.0173
 14.5245   0.0484   0.0158   0.0158   0.0168
 14.5495   0.0470   0.0154   0.0154   0.0163
 14.5746   0.0456   0.0149   0.0149   0.0158
 14.5996   0.0444   0.0145   0.0145   0.0153
 14.6246   0.0431   0.0141   0.0141   0.0149
 14.6496   0.0419   0.0137   0.0137   0.0145
 14.6747   0.0408   0.0134   0.0134   0.0140
 14.6997   0.0397   0.0130   0.0130   0.0137
 14.7247   0.0387   0.0127   0.0127   0.0133
 14.7497   0.0377   0.0124   0.0124   0.0129
 14.7748   0.0367   0.0121   0.0121   0.0126
 14.7998   0.0358   0.0118   0.0118   0.0123
 14.8248   0.0349   0.0115   0.0115   0.0120
 14.8498   0.0341   0.0112   0.0112   0.0117
 14.8749   0.0333   0.0109   0.0109   0.0114
 14.8999   0.0325   0.0107   0.0107   0.0111
 14.9249   0.0317   0.0104   0.0104   0.0108
 14.9499   0.0310   0.0102   0.0102   0.0106
 14.9750   0.0303   0.0100   0.0100   0.0103
 15.0000   0.0296   0.0097   0.0097   0.0101
