# E  sum  T1  T2  T3 ...
-10.0000   0.0245   0.0082   0.0082   0.0082
 -9.9750   0.0248   0.0083   0.0083   0.0083
 -9.9499   0.0251   0.0084   0.0084   0.0084
 -9.9249   0.0254   0.0085   0.0085   0.0085
 -9.8999   0.0257   0.0086   0.0086   0.0086
 -9.8749   0.0260   0.0087   0.0087   0.0087
 -9.8498   0.0264   0.0088   0.0088   0.0088
 -9.8248   0.0267   0.0089   0.0089   0.0089
 -9.7998   0.0270   0.0090   0.0090   0.0090
 -9.7748   0.0273   0.0091   0.0091   0.0091
 -9.7497   0.0277   0.0092   0.0092   0.0092
 -9.7247   0.0280   0.0093   0.0093   0.0093
 -9.6997   0.0284   0.0095   0.0095   0.0095
 -9.6747   0.0288   0.0096   0.0096   0.0096
 -9.6496   0.0291   0.0097   0.0097   0.0097
 -9.6246   0.0295   0.0098   0.0098   0.0098
 -9.5996   0.0299   0.0100   0.0100   0.0100
 -9.5746   0.0303   0.0101   0.0101   0.0101
 -9.5495   0.0307   0.0102   0.0102   0.0102
 -9.5245   0.0311   0.0104   0.0104   0.0104
 -9.4995   0.0315   0.0105   0.0105   0.0105
 -9.4745   0.0320   0.0107   0.0107   0.0107
 -9.4494   0.0324   0.0108   0.0108   0.0108
 -9.4244   0.0329   0.0110   0.0110   0.0110
 -9.3994   0.0333   0.0111   0.0111   0.0111
 -9.3744   0.0338   0.0113   0.0113   0.0113
 -9.3493   0.0343   0.0114   0.0114   0.0114
 -9.3243   0.0347   0.0116   0.0116   0.0116
 -9.2993   0.0352   0.0117   0.0117   0.0117
 -9.2743   0.0357   0.0119   0.0119   0.0119
 -9.2492   0.0363   0.0121   0.0121   0.0121
 -9.2242   0.0368   0.0123   0.0123   0.0123
 -9.1992   0.0373   0.0124   0.0124   0.0124
 -9.1742   0.0379   0.0126   0.0126   0.0126
 -9.1491   0.0385   0.0128   0.0128   0.0128
 -9.1241   0.0390   0.0130   0.0130   0.0130
 -9.0991   0.0396   0.0132   0.0132   0.0132
 -9.0741   0.0403   0.0134   0.0134   0.0134
 -9.0490   0.0409   0.0136   0.0136   0.0136
 -9.0240   0.0415   0.0138   0.0138   0.0138
 -8.9990   0.0422   0.0141   0.0141   0.0141
 -8.9740   0.0428   0.0143   0.0143   0.0143
 -8.9489   0.0435   0.0145   0.0145   0.0145
 -8.9239   0.0442   0.0147   0.0147   0.0147
 -8.8989   0.0449   0.0150   0.0150   0.0150
 -8.8739   0.0457   0.0152   0.0152   0.0152
 -8.8488   0.0464   0.0155   0.0155   0.0155
 -8.8238   0.0472   0.0157   0.0157   0.0157
 -8.7988   0.0480   0.0160   0.0160   0.0160
 -8.7738   0.0488   0.0163   0.0163   0.0163
 -8.7487   0.0497   0.0166   0.0166   0.0166
 -8.7237   0.0505   0.0168   0.0168   0.0168
 -8.6987   0.0514   0.0171   0.0171   0.0171
 -8.6737   0.0523   0.0174   0.0174   0.0174
 -8.6486   0.0533   0.0178   0.0178   0.0178
 -8.6236   0.0542   0.0181   0.0181   0.0181
 -8.5986   0.0552   0.0184   0.0184   0.0184
 -8.5736   0.0562   0.0187   0.0187   0.0187
 -8.5485   0.0573   0.0191   0.0191   0.0191
 -8.5235   0.0583   0.0194   0.0194   0.0194
 -8.4985   0.0595   0.0198   0.0198   0.0198
 -8.4735   0.0606   0.0202   0.0202   0.0202
 -8.4484   0.0618   0.0206   0.0206   0.0206
 -8.4234   0.0630   0.0210   0.0210   0.0210
 -8.3984   0.0642   0.0214   0.0214   0.0214
 -8.3734   0.0655   0.0218   0.0218   0.0218
 -8.3483   0.0668   0.0223   0.0223   0.0223
 -8.3233   0.0682   0.0227   0.0227   0.0227
 -8.2983   0.0696   0.0232   0.0232   0.0232
 -8.2733   0.0710   0.0237   0.0237   0.0237
 -8.2482   0.0725   0.0242   0.0242   0.0242
 -8.2232   0.0741   0.0247   0.0247   0.0247
 -8.1982   0.0756   0.0252   0.0252   0.0252
 -8.1732   0.0773   0.0258   0.0258   0.0258
 -8.1481   0.0790   0.0263   0.0263   0.0263
 -8.1231   0.0808   0.0269   0.0269   0.0269
 -8.0981   0.0826   0.0275   0.0275   0.0275
 -8.0731   0.0845   0.0282   0.0282   0.0282
 -8.0480   0.0864   0.0288   0.0288   0.0288
 -8.0230   0.0884   0.0295   0.0295   0.0295
 -7.9980   0.0905   0.0302   0.0302   0.0302
 -7.9730   0.0927   0.0309   0.0309   0.0309
 -7.9479   0.0950   0.0317   0.0317   0.0317
 -7.9229   0.0973   0.0324   0.0324   0.0324
 -7.8979   0.0997   0.0332   0.0332   0.0332
 -7.8729   0.1022   0.0341   0.0341   0.0341
 -7.8478   0.1049   0.0350   0.0350   0.0350
 -7.8228   0.1076   0.0359   0.0359   0.0359
 -7.7978   0.1104   0.0368   0.0368   0.0368
 -7.7728   0.1134   0.0378   0.0378   0.0378
 -7.7477   0.1165   0.0388   0.0388   0.0388
 -7.7227   0.1197   0.0399   0.0399   0.0399
 -7.6977   0.1230   0.0410   0.0410   0.0410
 -7.6727   0.1265   0.0422   0.0422   0.0422
 -7.6476   0.1301   0.0434   0.0434   0.0434
 -7.6226   0.1339   0.0446   0.0446   0.0446
 -7.5976   0.1379   0.0460   0.0460   0.0460
 -7.5726   0.1420   0.0474   0.0474   0.0473
 -7.5475   0.1464   0.0488   0.0488   0.0488
 -7.5225   0.1510   0.0503   0.0503   0.0503
 -7.4975   0.1557   0.0519   0.0519   0.0519
 -7.4725   0.1608   0.0536   0.0536   0.0536
 -7.4474   0.1660   0.0553   0.0553   0.0553
 -7.4224   0.1716   0.0572   0.0572   0.0572
 -7.3974   0.1774   0.0591   0.0591   0.0591
 -7.3724   0.1835   0.0612   0.0612   0.0612
 -7.3473   0.1900   0.0633   0.0633   0.0633
 -7.3223   0.1968   0.0656   0.0656   0.0656
 -7.2973   0.2040   0.0680   0.0680   0.0680
 -7.2723   0.2116   0.0705   0.0705   0.0705
 -7.2472   0.2197   0.0732   0.0732   0.0732
 -7.2222   0.2282   0.0761   0.0761   0.0761
 -7.1972   0.2372   0.0791   0.0791   0.0791
 -7.1722   0.2469   0.0823   0.0823   0.0823
 -7.1471   0.2571   0.0857   0.0857   0.0857
 -7.1221   0.2680   0.0893   0.0893   0.0893
 -7.0971   0.2795   0.0932   0.0932   0.0932
 -7.0721   0.2919   0.0973   0.0973   0.0973
 -7.0470   0.3052   0.1017   0.1017   0.1017
 -7.0220   0.3193   0.1064   0.1064   0.1064
 -6.9970   0.3345   0.1115   0.1115   0.1115
 -6.9720   0.3509   0.1170   0.1170   0.1170
 -6.9469   0.3685   0.1228   0.1228   0.1228
 -6.9219   0.3874   0.1291   0.1291   0.1291
 -6.8969   0.4079   0.1360   0.1360   0.1360
 -6.8719   0.4301   0.1434   0.1434   0.1434
 -6.8468   0.4542   0.1514   0.1514   0.1514
 -6.8218   0.4803   0.1601   0.1601   0.1601
 -6.7968   0.5089   0.1696   0.1696   0.1696
 -6.7718   0.5400   0.1800   0.1800   0.1800
 -6.7467   0.5742   0.1914   0.1914   0.1914
 -6.7217   0.6117   0.2039   0.2039   0.2039
 -6.6967   0.6530   0.2177   0.2177   0.2177
 -6.6717   0.6987   0.2329   0.2329   0.2329
 -6.6466   0.7493   0.2498   0.2498   0.2498
 -6.6216   0.8057   0.2686   0.2686   0.2686
 -6.5966   0.8685   0.2895   0.2895   0.2895
 -6.5716   0.9390   0.3130   0.3130   0.3130
 -6.5465   1.0181   0.3394   0.3394   0.3394
 -6.5215   1.1075   0.3691   0.3691   0.3692
 -6.4965   1.2086   0.4029   0.4029   0.4029
 -6.4715   1.3236   0.4412   0.4412   0.4412
 -6.4464   1.4547   0.4849   0.4849   0.4849
 -6.4214   1.6046   0.5349   0.5349   0.5349
 -6.3964   1.7764   0.5921   0.5921   0.5921
 -6.3714   1.9734   0.6578   0.6578   0.6578
 -6.3463   2.1991   0.7331   0.7331   0.7330
 -6.3213   2.4567   0.8190   0.8190   0.8188
 -6.2963   2.7487   0.9163   0.9163   0.9161
 -6.2713   3.0755   1.0253   1.0253   1.0250
 -6.2462   3.4348   1.1450   1.1450   1.1448
 -6.2212   3.8204   1.2735   1.2735   1.2735
 -6.1962   4.2215   1.4069   1.4069   1.4076
 -6.1712   4.6245   1.5408   1.5408   1.5429
 -6.1461   5.0149   1.6703   1.6703   1.6743
 -6.1211   5.3804   1.7917   1.7917   1.7971
 -6.0961   5.7112   1.9021   1.9021   1.9069
 -6.0711   5.9975   1.9989   1.9989   1.9998
 -6.0460   6.2275   2.0778   2.0778   2.0718
 -6.0210   6.3863   2.1333   2.1333   2.1197
 -5.9960   6.4604   2.1594   2.1594   2.1416
 -5.9710   6.4437   2.1533   2.1533   2.1371
 -5.9459   6.3416   2.1167   2.1167   2.1081
 -5.9209   6.1712   2.0563   2.0563   2.0585
 -5.8959   5.9571   1.9815   1.9815   1.9940
 -5.8709   5.7241   1.9015   1.9015   1.9212
 -5.8458   5.4909   1.8228   1.8228   1.8452
 -5.8208   5.2651   1.7481   1.7481   1.7689
 -5.7958   5.0424   1.6756   1.6756   1.6913
 -5.7708   4.8105   1.6007   1.6007   1.6092
 -5.7457   4.5558   1.5184   1.5184   1.5190
 -5.7207   4.2710   1.4259   1.4259   1.4193
 -5.6957   3.9591   1.3237   1.3237   1.3117
 -5.6707   3.6315   1.2155   1.2155   1.2004
 -5.6456   3.3036   1.1066   1.1066   1.0905
 -5.6206   2.9896   1.0017   1.0017   0.9861
 -5.5956   2.6993   0.9044   0.9044   0.8904
 -5.5706   2.4379   0.8166   0.8166   0.8048
 -5.5455   2.2073   0.7389   0.7389   0.7295
 -5.5205   2.0065   0.6711   0.6711   0.6642
 -5.4955   1.8336   0.6127   0.6127   0.6082
 -5.4705   1.6859   0.5627   0.5627   0.5606
 -5.4454   1.5607   0.5202   0.5202   0.5204
 -5.4204   1.4558   0.4845   0.4845   0.4869
 -5.3954   1.3689   0.4547   0.4547   0.4594
 -5.3704   1.2984   0.4305   0.4305   0.4374
 -5.3453   1.2428   0.4112   0.4112   0.4205
 -5.3203   1.2011   0.3964   0.3964   0.4083
 -5.2953   1.1722   0.3859   0.3859   0.4004
 -5.2703   1.1548   0.3793   0.3793   0.3963
 -5.2452   1.1475   0.3761   0.3761   0.3953
 -5.2202   1.1482   0.3758   0.3758   0.3966
 -5.1952   1.1537   0.3776   0.3776   0.3985
 -5.1702   1.1601   0.3803   0.3803   0.3995
 -5.1451   1.1627   0.3826   0.3826   0.3975
 -5.1201   1.1575   0.3833   0.3833   0.3910
 -5.0951   1.1416   0.3810   0.3810   0.3795
 -5.0701   1.1138   0.3751   0.3751   0.3635
 -5.0450   1.0749   0.3653   0.3653   0.3443
 -5.0200   1.0271   0.3517   0.3517   0.3236
 -4.9950   0.9732   0.3351   0.3351   0.3029
 -4.9700   0.9165   0.3166   0.3166   0.2834
 -4.9449   0.8603   0.2973   0.2973   0.2658
 -4.9199   0.8070   0.2784   0.2784   0.2503
 -4.8949   0.7585   0.2607   0.2607   0.2370
 -4.8699   0.7157   0.2448   0.2448   0.2261
 -4.8448   0.6789   0.2308   0.2308   0.2172
 -4.8198   0.6482   0.2189   0.2189   0.2104
 -4.7948   0.6233   0.2089   0.2089   0.2054
 -4.7698   0.6040   0.2008   0.2008   0.2024
 -4.7447   0.5900   0.1944   0.1944   0.2011
 -4.7197   0.5810   0.1897   0.1897   0.2016
 -4.6947   0.5768   0.1865   0.1865   0.2038
 -4.6697   0.5774   0.1848   0.1848   0.2078
 -4.6446   0.5826   0.1847   0.1847   0.2133
 -4.6196   0.5923   0.1860   0.1860   0.2203
 -4.5946   0.6061   0.1889   0.1889   0.2283
 -4.5696   0.6238   0.1935   0.1935   0.2367
 -4.5445   0.6449   0.2000   0.2000   0.2450
 -4.5195   0.6692   0.2084   0.2084   0.2524
 -4.4945   0.6969   0.2191   0.2191   0.2587
 -4.4695   0.7286   0.2324   0.2324   0.2639
 -4.4444   0.7655   0.2484   0.2484   0.2686
 -4.4194   0.8092   0.2677   0.2677   0.2738
 -4.3944   0.8614   0.2904   0.2904   0.2807
 -4.3694   0.9233   0.3166   0.3166   0.2900
 -4.3443   0.9954   0.3463   0.3463   0.3028
 -4.3193   1.0772   0.3788   0.3788   0.3196
 -4.2943   1.1665   0.4129   0.4129   0.3406
 -4.2693   1.2595   0.4467   0.4467   0.3661
 -4.2442   1.3506   0.4776   0.4776   0.3955
 -4.2192   1.4330   0.5027   0.5027   0.4276
 -4.1942   1.4998   0.5197   0.5197   0.4603
 -4.1692   1.5449   0.5272   0.5272   0.4904
 -4.1441   1.5632   0.5246   0.5246   0.5139
 -4.1191   1.5514   0.5123   0.5123   0.5269
 -4.0941   1.5088   0.4912   0.4912   0.5265
 -4.0691   1.4384   0.4630   0.4630   0.5123
 -4.0440   1.3470   0.4302   0.4302   0.4865
 -4.0190   1.2433   0.3953   0.3953   0.4526
 -3.9940   1.1359   0.3606   0.3606   0.4148
 -3.9690   1.0319   0.3278   0.3278   0.3763
 -3.9439   0.9357   0.2980   0.2980   0.3397
 -3.9189   0.8497   0.2717   0.2717   0.3062
 -3.8939   0.7748   0.2491   0.2491   0.2765
 -3.8689   0.7107   0.2300   0.2300   0.2506
 -3.8438   0.6568   0.2142   0.2142   0.2284
 -3.8188   0.6124   0.2015   0.2015   0.2094
 -3.7938   0.5763   0.1914   0.1914   0.1935
 -3.7688   0.5479   0.1838   0.1838   0.1802
 -3.7437   0.5263   0.1785   0.1785   0.1693
 -3.7187   0.5105   0.1750   0.1750   0.1605
 -3.6937   0.4996   0.1730   0.1730   0.1536
 -3.6687   0.4925   0.1721   0.1721   0.1483
 -3.6436   0.4876   0.1715   0.1715   0.1446
 -3.6186   0.4836   0.1707   0.1707   0.1421
 -3.5936   0.4788   0.1691   0.1691   0.1406
 -3.5686   0.4722   0.1662   0.1662   0.1397
 -3.5435   0.4631   0.1620   0.1620   0.1391
 -3.5185   0.4515   0.1567   0.1567   0.1382
 -3.4935   0.4378   0.1505   0.1505   0.1368
 -3.4685   0.4227   0.1439   0.1439   0.1349
 -3.4434   0.4074   0.1375   0.1375   0.1325
 -3.4184   0.3929   0.1315   0.1315   0.1300
 -3.3934   0.3804   0.1262   0.1262   0.1280
 -3.3684   0.3707   0.1220   0.1220   0.1266
 -3.3433   0.3642   0.1190   0.1190   0.1262
 -3.3183   0.3611   0.1171   0.1171   0.1270
 -3.2933   0.3614   0.1163   0.1163   0.1287
 -3.2683   0.3645   0.1166   0.1166   0.1313
 -3.2432   0.3693   0.1176   0.1176   0.1342
 -3.2182   0.3747   0.1190   0.1190   0.1367
 -3.1932   0.3789   0.1203   0.1203   0.1382
 -3.1682   0.3804   0.1213   0.1213   0.1379
 -3.1431   0.3784   0.1215   0.1215   0.1354
 -3.1181   0.3725   0.1209   0.1209   0.1307
 -3.0931   0.3631   0.1194   0.1194   0.1243
 -3.0681   0.3510   0.1171   0.1171   0.1168
 -3.0430   0.3368   0.1139   0.1139   0.1091
 -3.0180   0.3209   0.1097   0.1097   0.1016
 -2.9930   0.3037   0.1045   0.1045   0.0946
 -2.9680   0.2856   0.0986   0.0986   0.0884
 -2.9429   0.2672   0.0922   0.0922   0.0829
 -2.9179   0.2491   0.0855   0.0855   0.0780
 -2.8929   0.2316   0.0791   0.0791   0.0735
 -2.8679   0.2152   0.0729   0.0729   0.0694
 -2.8428   0.2000   0.0673   0.0673   0.0654
 -2.8178   0.1861   0.0623   0.0623   0.0615
 -2.7928   0.1733   0.0577   0.0577   0.0578
 -2.7678   0.1617   0.0538   0.0538   0.0542
 -2.7427   0.1513   0.0502   0.0502   0.0509
 -2.7177   0.1420   0.0471   0.0471   0.0478
 -2.6927   0.1337   0.0443   0.0443   0.0450
 -2.6677   0.1262   0.0418   0.0418   0.0425
 -2.6426   0.1195   0.0396   0.0396   0.0402
 -2.6176   0.1135   0.0377   0.0377   0.0382
 -2.5926   0.1081   0.0359   0.0359   0.0363
 -2.5676   0.1032   0.0343   0.0343   0.0346
 -2.5425   0.0987   0.0328   0.0328   0.0331
 -2.5175   0.0947   0.0315   0.0315   0.0317
 -2.4925   0.0910   0.0303   0.0303   0.0305
 -2.4675   0.0876   0.0291   0.0291   0.0293
 -2.4424   0.0844   0.0281   0.0281   0.0282
 -2.4174   0.0816   0.0271   0.0271   0.0273
 -2.3924   0.0789   0.0263   0.0263   0.0264
 -2.3674   0.0764   0.0254   0.0254   0.0255
 -2.3423   0.0741   0.0247   0.0247   0.0247
 -2.3173   0.0719   0.0240   0.0240   0.0240
 -2.2923   0.0699   0.0233   0.0233   0.0233
 -2.2673   0.0680   0.0226   0.0226   0.0227
 -2.2422   0.0662   0.0221   0.0221   0.0221
 -2.2172   0.0645   0.0215   0.0215   0.0215
 -2.1922   0.0629   0.0210   0.0210   0.0210
 -2.1672   0.0614   0.0205   0.0205   0.0205
 -2.1421   0.0600   0.0200   0.0200   0.0200
 -2.1171   0.0587   0.0195   0.0195   0.0196
 -2.0921   0.0574   0.0191   0.0191   0.0191
 -2.0671   0.0562   0.0187   0.0187   0.0187
 -2.0420   0.0550   0.0183   0.0183   0.0184
 -2.0170   0.0539   0.0180   0.0180   0.0180
 -1.9920   0.0529   0.0176   0.0176   0.0176
 -1.9670   0.0519   0.0173   0.0173   0.0173
 -1.9419   0.0510   0.0170   0.0170   0.0170
 -1.9169   0.0501   0.0167   0.0167   0.0167
 -1.8919   0.0492   0.0164   0.0164   0.0164
 -1.8669   0.0484   0.0161   0.0161   0.0161
 -1.8418   0.0476   0.0159   0.0159   0.0159
 -1.8168   0.0469   0.0156   0.0156   0.0156
 -1.7918   0.0461   0.0154   0.0154   0.0154
 -1.7668   0.0455   0.0152   0.0152   0.0152
 -1.7417   0.0448   0.0149   0.0149   0.0149
 -1.7167   0.0442   0.0147   0.0147   0.0147
 -1.6917   0.0436   0.0145   0.0145   0.0145
 -1.6667   0.0431   0.0144   0.0144   0.0144
 -1.6416   0.0426   0.0142   0.0142   0.0142
 -1.6166   0.0421   0.0140   0.0140   0.0140
 -1.5916   0.0416   0.0139   0.0139   0.0139
 -1.5666   0.0411   0.0137   0.0137   0.0137
 -1.5415   0.0407   0.0136   0.0136   0.0136
 -1.5165   0.0403   0.0134   0.0134   0.0134
 -1.4915   0.0400   0.0133   0.0133   0.0133
 -1.4665   0.0396   0.0132   0.0132   0.0132
 -1.4414   0.0393   0.0131   0.0131   0.0131
 -1.4164   0.0390   0.0130   0.0130   0.0130
 -1.3914   0.0388   0.0129   0.0129   0.0129
 -1.3664   0.0386   0.0129   0.0129   0.0129
 -1.3413   0.0384   0.0128   0.0128   0.0128
 -1.3163   0.0382   0.0127   0.0127   0.0127
 -1.2913   0.0380   0.0127   0.0127   0.0127
 -1.2663   0.0379   0.0126   0.0126   0.0126
 -1.2412   0.0379   0.0126   0.0126   0.0126
 -1.2162   0.0378   0.0126   0.0126   0.0126
 -1.1912   0.0378   0.0126   0.0126   0.0126
 -1.1662   0.0378   0.0126   0.0126   0.0126
 -1.1411   0.0379   0.0126   0.0126   0.0126
 -1.1161   0.0380   0.0127   0.0127   0.0127
 -1.0911   0.0382   0.0127   0.0127   0.0127
 -1.0661   0.0384   0.0128   0.0128   0.0128
 -1.0410   0.0387   0.0129   0.0129   0.0129
 -1.0160   0.0390   0.0130   0.0130   0.0130
 -0.9910   0.0394   0.0131   0.0131   0.0131
 -0.9660   0.0398   0.0133   0.0133   0.0133
 -0.9409   0.0404   0.0135   0.0135   0.0135
 -0.9159   0.0410   0.0137   0.0137   0.0137
 -0.8909   0.0417   0.0139   0.0139   0.0139
 -0.8659   0.0426   0.0142   0.0142   0.0142
 -0.8408   0.0435   0.0145   0.0145   0.0145
 -0.8158   0.0446   0.0149   0.0149   0.0149
 -0.7908   0.0459   0.0153   0.0153   0.0153
 -0.7658   0.0473   0.0158   0.0158   0.0158
 -0.7407   0.0489   0.0163   0.0163   0.0163
 -0.7157   0.0508   0.0169   0.0169   0.0170
 -0.6907   0.0530   0.0176   0.0176   0.0177
 -0.6657   0.0554   0.0185   0.0185   0.0185
 -0.6406   0.0583   0.0194   0.0194   0.0194
 -0.6156   0.0615   0.0205   0.0205   0.0205
 -0.5906   0.0653   0.0218   0.0218   0.0218
 -0.5656   0.0697   0.0232   0.0232   0.0233
 -0.5405   0.0748   0.0249   0.0249   0.0250
 -0.5155   0.0806   0.0269   0.0269   0.0269
 -0.4905   0.0874   0.0291   0.0291   0.0292
 -0.4655   0.0953   0.0317   0.0317   0.0318
 -0.4404   0.1043   0.0347   0.0347   0.0348
 -0.4154   0.1146   0.0382   0.0382   0.0383
 -0.3904   0.1260   0.0420   0.0420   0.0421
 -0.3654   0.1385   0.0461   0.0461   0.0462
 -0.3403   0.1515   0.0505   0.0505   0.0505
 -0.3153   0.1642   0.0548   0.0548   0.0547
 -0.2903   0.1757   0.0586   0.0586   0.0584
 -0.2653   0.1846   0.0617   0.0617   0.0613
 -0.2402   0.1900   0.0635   0.0635   0.0630
 -0.2152   0.1914   0.0640   0.0640   0.0634
 -0.1902   0.1891   0.0632   0.0632   0.0626
 -0.1652   0.1841   0.0616   0.0616   0.0609
 -0.1401   0.1777   0.0594   0.0594   0.0589
 -0.1151   0.1714   0.0572   0.0572   0.0569
 -0.0901   0.1659   0.0554   0.0554   0.0552
 -0.0651   0.1622   0.0541   0.0541   0.0541
 -0.0400   0.1605   0.0534   0.0534   0.0536
 -0.0150   0.1609   0.0535   0.0535   0.0539
  0.0100   0.1634   0.0543   0.0543   0.0548
  0.0350   0.1674   0.0556   0.0556   0.0563
  0.0601   0.1724   0.0572   0.0572   0.0580
  0.0851   0.1773   0.0588   0.0588   0.0597
  0.1101   0.1809   0.0600   0.0600   0.0608
  0.1351   0.1818   0.0604   0.0604   0.0610
  0.1602   0.1793   0.0596   0.0596   0.0601
  0.1852   0.1732   0.0576   0.0576   0.0579
  0.2102   0.1638   0.0546   0.0546   0.0546
  0.2352   0.1523   0.0508   0.0508   0.0507
  0.2603   0.1397   0.0466   0.0466   0.0465
  0.2853   0.1271   0.0425   0.0425   0.0422
  0.3103   0.1151   0.0385   0.0385   0.0382
  0.3353   0.1041   0.0348   0.0348   0.0346
  0.3604   0.0943   0.0315   0.0315   0.0313
  0.3854   0.0856   0.0286   0.0286   0.0284
  0.4104   0.0780   0.0260   0.0260   0.0259
  0.4354   0.0714   0.0238   0.0238   0.0237
  0.4605   0.0656   0.0219   0.0219   0.0218
  0.4855   0.0606   0.0202   0.0202   0.0201
  0.5105   0.0562   0.0188   0.0188   0.0187
  0.5355   0.0524   0.0175   0.0175   0.0174
  0.5606   0.0490   0.0164   0.0164   0.0163
  0.5856   0.0460   0.0154   0.0154   0.0153
  0.6106   0.0434   0.0145   0.0145   0.0144
  0.6356   0.0411   0.0137   0.0137   0.0137
  0.6607   0.0390   0.0130   0.0130   0.0130
  0.6857   0.0372   0.0124   0.0124   0.0124
  0.7107   0.0355   0.0118   0.0118   0.0118
  0.7357   0.0340   0.0113   0.0113   0.0113
  0.7608   0.0326   0.0109   0.0109   0.0109
  0.7858   0.0314   0.0105   0.0105   0.0105
  0.8108   0.0303   0.0101   0.0101   0.0101
  0.8358   0.0293   0.0098   0.0098   0.0098
  0.8609   0.0284   0.0095   0.0095   0.0095
  0.8859   0.0276   0.0092   0.0092   0.0092
  0.9109   0.0269   0.0090   0.0090   0.0090
  0.9359   0.0262   0.0087   0.0087   0.0087
  0.9610   0.0256   0.0085   0.0085   0.0085
  0.9860   0.0251   0.0084   0.0084   0.0084
  1.0110   0.0246   0.0082   0.0082   0.0082
  1.0360   0.0242   0.0081   0.0081   0.0081
  1.0611   0.0238   0.0079   0.0079   0.0080
  1.0861   0.0235   0.0078   0.0078   0.0079
  1.1111   0.0233   0.0078   0.0078   0.0078
  1.1361   0.0232   0.0077   0.0077   0.0077
  1.1612   0.0231   0.0077   0.0077   0.0077
  1.1862   0.0231   0.0077   0.0077   0.0077
  1.2112   0.0231   0.0077   0.0077   0.0077
  1.2362   0.0233   0.0078   0.0078   0.0078
  1.2613   0.0236   0.0078   0.0078   0.0079
  1.2863   0.0240   0.0080   0.0080   0.0080
  1.3113   0.0245   0.0081   0.0081   0.0082
  1.3363   0.0251   0.0083   0.0083   0.0084
  1.3614   0.0258   0.0086   0.0086   0.0086
  1.3864   0.0266   0.0089   0.0089   0.0089
  1.4114   0.0275   0.0092   0.0092   0.0092
  1.4364   0.0284   0.0095   0.0095   0.0095
  1.4615   0.0291   0.0097   0.0097   0.0097
  1.4865   0.0295   0.0099   0.0099   0.0098
  1.5115   0.0296   0.0099   0.0099   0.0098
  1.5365   0.0293   0.0098   0.0098   0.0097
  1.5616   0.0285   0.0095   0.0095   0.0095
  1.5866   0.0275   0.0092   0.0092   0.0091
  1.6116   0.0262   0.0088   0.0088   0.0087
  1.6366   0.0249   0.0083   0.0083   0.0083
  1.6617   0.0236   0.0079   0.0079   0.0079
  1.6867   0.0223   0.0074   0.0074   0.0074
  1.7117   0.0212   0.0071   0.0071   0.0071
  1.7367   0.0202   0.0067   0.0067   0.0067
  1.7618   0.0193   0.0064   0.0064   0.0064
  1.7868   0.0184   0.0061   0.0061   0.0062
  1.8118   0.0177   0.0059   0.0059   0.0059
  1.8368   0.0171   0.0057   0.0057   0.0057
  1.8619   0.0165   0.0055   0.0055   0.0055
  1.8869   0.0160   0.0053   0.0053   0.0053
  1.9119   0.0156   0.0052   0.0052   0.0052
  1.9369   0.0152   0.0051   0.0051   0.0051
  1.9620   0.0148   0.0049   0.0049   0.0049
  1.9870   0.0145   0.0048   0.0048   0.0048
  2.0120   0.0142   0.0047   0.0047   0.0047
  2.0370   0.0139   0.0046   0.0046   0.0046
  2.0621   0.0136   0.0045   0.0045   0.0045
  2.0871   0.0134   0.0045   0.0045   0.0045
  2.1121   0.0132   0.0044   0.0044   0.0044
  2.1371   0.0130   0.0043   0.0043   0.0043
  2.1622   0.0128   0.0043   0.0043   0.0043
  2.1872   0.0126   0.0042   0.0042   0.0042
  2.2122   0.0124   0.0041   0.0041   0.0041
  2.2372   0.0123   0.0041   0.0041   0.0041
  2.2623   0.0121   0.0040   0.0040   0.0040
  2.2873   0.0119   0.0040   0.0040   0.0040
  2.3123   0.0118   0.0039   0.0039   0.0039
  2.3373   0.0117   0.0039   0.0039   0.0039
  2.3624   0.0115   0.0038   0.0038   0.0038
  2.3874   0.0114   0.0038   0.0038   0.0038
  2.4124   0.0113   0.0038   0.0038   0.0038
  2.4374   0.0112   0.0037   0.0037   0.0037
  2.4625   0.0111   0.0037   0.0037   0.0037
  2.4875   0.0110   0.0037   0.0037   0.0037
  2.5125   0.0109   0.0036   0.0036   0.0036
  2.5375   0.0108   0.0036   0.0036   0.0036
  2.5626   0.0107   0.0036   0.0036   0.0036
  2.5876   0.0106   0.0035   0.0035   0.0035
  2.6126   0.0105   0.0035   0.0035   0.0035
  2.6376   0.0104   0.0035   0.0035   0.0035
  2.6627   0.0103   0.0034   0.0034   0.0034
  2.6877   0.0103   0.0034   0.0034   0.0034
  2.7127   0.0102   0.0034   0.0034   0.0034
  2.7377   0.0101   0.0034   0.0034   0.0034
  2.7628   0.0100   0.0033   0.0033   0.0033
  2.7878   0.0100   0.0033   0.0033   0.0033
  2.8128   0.0099   0.0033   0.0033   0.0033
  2.8378   0.0098   0.0033   0.0033   0.0033
  2.8629   0.0097   0.0032   0.0032   0.0032
  2.8879   0.0097   0.0032   0.0032   0.0032
  2.9129   0.0096   0.0032   0.0032   0.0032
  2.9379   0.0096   0.0032   0.0032   0.0032
  2.9630   0.0095   0.0032   0.0032   0.0032
  2.9880   0.0094   0.0031   0.0031   0.0031
  3.0130   0.0094   0.0031   0.0031   0.0031
  3.0380   0.0093   0.0031   0.0031   0.0031
  3.0631   0.0093   0.0031   0.0031   0.0031
  3.0881   0.0092   0.0031   0.0031   0.0031
  3.1131   0.0092   0.0031   0.0031   0.0031
  3.1381   0.0091   0.0030   0.0030   0.0030
  3.1632   0.0091   0.0030   0.0030   0.0030
  3.1882   0.0090   0.0030   0.0030   0.0030
  3.2132   0.0090   0.0030   0.0030   0.0030
  3.2382   0.0089   0.0030   0.0030   0.0030
  3.2633   0.0089   0.0030   0.0030   0.0030
  3.2883   0.0088   0.0029   0.0029   0.0029
  3.3133   0.0088   0.0029   0.0029   0.0029
  3.3383   0.0087   0.0029   0.0029   0.0029
  3.3634   0.0087   0.0029   0.0029   0.0029
  3.3884   0.0086   0.0029   0.0029   0.0029
  3.4134   0.0086   0.0029   0.0029   0.0029
  3.4384   0.0086   0.0029   0.0029   0.0029
  3.4635   0.0085   0.0028   0.0028   0.0028
  3.4885   0.0085   0.0028   0.0028   0.0028
  3.5135   0.0085   0.0028   0.0028   0.0028
  3.5385   0.0084   0.0028   0.0028   0.0028
  3.5636   0.0084   0.0028   0.0028   0.0028
  3.5886   0.0083   0.0028   0.0028   0.0028
  3.6136   0.0083   0.0028   0.0028   0.0028
  3.6386   0.0083   0.0028   0.0028   0.0028
  3.6637   0.0082   0.0027   0.0027   0.0027
  3.6887   0.0082   0.0027   0.0027   0.0027
  3.7137   0.0082   0.0027   0.0027   0.0027
  3.7387   0.0081   0.0027   0.0027   0.0027
  3.7638   0.0081   0.0027   0.0027   0.0027
  3.7888   0.0081   0.0027   0.0027   0.0027
  3.8138   0.0081   0.0027   0.0027   0.0027
  3.8388   0.0080   0.0027   0.0027   0.0027
  3.8639   0.0080   0.0027   0.0027   0.0027
  3.8889   0.0080   0.0027   0.0027   0.0027
  3.9139   0.0079   0.0026   0.0026   0.0026
  3.9389   0.0079   0.0026   0.0026   0.0026
  3.9640   0.0079   0.0026   0.0026   0.0026
  3.9890   0.0079   0.0026   0.0026   0.0026
  4.0140   0.0078   0.0026   0.0026   0.0026
  4.0390   0.0078   0.0026   0.0026   0.0026
  4.0641   0.0078   0.0026   0.0026   0.0026
  4.0891   0.0078   0.0026   0.0026   0.0026
  4.1141   0.0077   0.0026   0.0026   0.0026
  4.1391   0.0077   0.0026   0.0026   0.0026
  4.1642   0.0077   0.0026   0.0026   0.0026
  4.1892   0.0077   0.0026   0.0026   0.0026
  4.2142   0.0077   0.0026   0.0026   0.0026
  4.2392   0.0076   0.0025   0.0025   0.0025
  4.2643   0.0076   0.0025   0.0025   0.0025
  4.2893   0.0076   0.0025   0.0025   0.0025
  4.3143   0.0076   0.0025   0.0025   0.0025
  4.3393   0.0076   0.0025   0.0025   0.0025
  4.3644   0.0075   0.0025   0.0025   0.0025
  4.3894   0.0075   0.0025   0.0025   0.0025
  4.4144   0.0075   0.0025   0.0025   0.0025
  4.4394   0.0075   0.0025   0.0025   0.0025
  4.4645   0.0075   0.0025   0.0025   0.0025
  4.4895   0.0075   0.0025   0.0025   0.0025
  4.5145   0.0075   0.0025   0.0025   0.0025
  4.5395   0.0074   0.0025   0.0025   0.0025
  4.5646   0.0074   0.0025   0.0025   0.0025
  4.5896   0.0074   0.0025   0.0025   0.0025
  4.6146   0.0074   0.0025   0.0025   0.0025
  4.6396   0.0074   0.0025   0.0025   0.0025
  4.6647   0.0074   0.0025   0.0025   0.0025
  4.6897   0.0074   0.0025   0.0025   0.0025
  4.7147   0.0074   0.0025   0.0025   0.0025
  4.7397   0.0073   0.0024   0.0024   0.0024
  4.7648   0.0073   0.0024   0.0024   0.0024
  4.7898   0.0073   0.0024   0.0024   0.0024
  4.8148   0.0073   0.0024   0.0024   0.0024
  4.8398   0.0073   0.0024   0.0024   0.0024
  4.8649   0.0073   0.0024   0.0024   0.0024
  4.8899   0.0073   0.0024   0.0024   0.0024
  4.9149   0.0073   0.0024   0.0024   0.0024
  4.9399   0.0073   0.0024   0.0024   0.0024
  4.9650   0.0073   0.0024   0.0024   0.0024
  4.9900   0.0073   0.0024   0.0024   0.0024
  5.0150   0.0072   0.0024   0.0024   0.0024
  5.0400   0.0072   0.0024   0.0024   0.0024
  5.0651   0.0072   0.0024   0.0024   0.0024
  5.0901   0.0072   0.0024   0.0024   0.0024
  5.1151   0.0072   0.0024   0.0024   0.0024
  5.1401   0.0072   0.0024   0.0024   0.0024
  5.1652   0.0072   0.0024   0.0024   0.0024
  5.1902   0.0072   0.0024   0.0024   0.0024
  5.2152   0.0072   0.0024   0.0024   0.0024
  5.2402   0.0072   0.0024   0.0024   0.0024
  5.2653   0.0072   0.0024   0.0024   0.0024
  5.2903   0.0072   0.0024   0.0024   0.0024
  5.3153   0.0072   0.0024   0.0024   0.0024
  5.3403   0.0072   0.0024   0.0024   0.0024
  5.3654   0.0072   0.0024   0.0024   0.0024
  5.3904   0.0072   0.0024   0.0024   0.0024
  5.4154   0.0072   0.0024   0.0024   0.0024
  5.4404   0.0072   0.0024   0.0024   0.0024
  5.4655   0.0072   0.0024   0.0024   0.0024
  5.4905   0.0072   0.0024   0.0024   0.0024
  5.5155   0.0072   0.0024   0.0024   0.0024
  5.5405   0.0072   0.0024   0.0024   0.0024
  5.5656   0.0072   0.0024   0.0024   0.0024
  5.5906   0.0072   0.0024   0.0024   0.0024
  5.6156   0.0072   0.0024   0.0024   0.0024
  5.6406   0.0072   0.0024   0.0024   0.0024
  5.6657   0.0072   0.0024   0.0024   0.0024
  5.6907   0.0072   0.0024   0.0024   0.0024
  5.7157   0.0072   0.0024   0.0024   0.0024
  5.7407   0.0073   0.0024   0.0024   0.0024
  5.7658   0.0073   0.0024   0.0024   0.0024
  5.7908   0.0073   0.0024   0.0024   0.0024
  5.8158   0.0073   0.0024   0.0024   0.0024
  5.8408   0.0073   0.0024   0.0024   0.0024
  5.8659   0.0073   0.0024   0.0024   0.0024
  5.8909   0.0073   0.0024   0.0024   0.0024
  5.9159   0.0073   0.0024   0.0024   0.0024
  5.9409   0.0073   0.0024   0.0024   0.0024
  5.9660   0.0073   0.0024   0.0024   0.0024
  5.9910   0.0073   0.0024   0.0024   0.0024
  6.0160   0.0074   0.0025   0.0025   0.0025
  6.0410   0.0074   0.0025   0.0025   0.0025
  6.0661   0.0074   0.0025   0.0025   0.0025
  6.0911   0.0074   0.0025   0.0025   0.0025
  6.1161   0.0074   0.0025   0.0025   0.0025
  6.1411   0.0074   0.0025   0.0025   0.0025
  6.1662   0.0074   0.0025   0.0025   0.0025
  6.1912   0.0074   0.0025   0.0025   0.0025
  6.2162   0.0075   0.0025   0.0025   0.0025
  6.2412   0.0075   0.0025   0.0025   0.0025
  6.2663   0.0075   0.0025   0.0025   0.0025
  6.2913   0.0075   0.0025   0.0025   0.0025
  6.3163   0.0075   0.0025   0.0025   0.0025
  6.3413   0.0076   0.0025   0.0025   0.0025
  6.3664   0.0076   0.0025   0.0025   0.0025
  6.3914   0.0076   0.0025   0.0025   0.0025
  6.4164   0.0076   0.0025   0.0025   0.0025
  6.4414   0.0076   0.0025   0.0025   0.0025
  6.4665   0.0077   0.0026   0.0026   0.0026
  6.4915   0.0077   0.0026   0.0026   0.0026
  6.5165   0.0077   0.0026   0.0026   0.0026
  6.5415   0.0077   0.0026   0.0026   0.0026
  6.5666   0.0077   0.0026   0.0026   0.0026
  6.5916   0.0078   0.0026   0.0026   0.0026
  6.6166   0.0078   0.0026   0.0026   0.0026
  6.6416   0.0078   0.0026   0.0026   0.0026
  6.6667   0.0078   0.0026   0.0026   0.0026
  6.6917   0.0079   0.0026   0.0026   0.0026
  6.7167   0.0079   0.0026   0.0026   0.0026
  6.7417   0.0079   0.0026   0.0026   0.0026
  6.7668   0.0080   0.0027   0.0027   0.0027
  6.7918   0.0080   0.0027   0.0027   0.0027
  6.8168   0.0080   0.0027   0.0027   0.0027
  6.8418   0.0081   0.0027   0.0027   0.0027
  6.8669   0.0081   0.0027   0.0027   0.0027
  6.8919   0.0081   0.0027   0.0027   0.0027
  6.9169   0.0082   0.0027   0.0027   0.0027
  6.9419   0.0082   0.0027   0.0027   0.0027
  6.9670   0.0082   0.0027   0.0027   0.0027
  6.9920   0.0083   0.0028   0.0028   0.0028
  7.0170   0.0083   0.0028   0.0028   0.0028
  7.0420   0.0083   0.0028   0.0028   0.0028
  7.0671   0.0084   0.0028   0.0028   0.0028
  7.0921   0.0084   0.0028   0.0028   0.0028
  7.1171   0.0085   0.0028   0.0028   0.0028
  7.1421   0.0085   0.0028   0.0028   0.0028
  7.1672   0.0085   0.0028   0.0028   0.0028
  7.1922   0.0086   0.0029   0.0029   0.0029
  7.2172   0.0086   0.0029   0.0029   0.0029
  7.2422   0.0087   0.0029   0.0029   0.0029
  7.2673   0.0087   0.0029   0.0029   0.0029
  7.2923   0.0088   0.0029   0.0029   0.0029
  7.3173   0.0088   0.0029   0.0029   0.0029
  7.3423   0.0089   0.0030   0.0030   0.0030
  7.3674   0.0089   0.0030   0.0030   0.0030
  7.3924   0.0090   0.0030   0.0030   0.0030
  7.4174   0.0090   0.0030   0.0030   0.0030
  7.4424   0.0091   0.0030   0.0030   0.0030
  7.4675   0.0091   0.0030   0.0030   0.0030
  7.4925   0.0092   0.0031   0.0031   0.0031
  7.5175   0.0092   0.0031   0.0031   0.0031
  7.5425   0.0093   0.0031   0.0031   0.0031
  7.5676   0.0094   0.0031   0.0031   0.0031
  7.5926   0.0094   0.0031   0.0031   0.0031
  7.6176   0.0095   0.0032   0.0032   0.0032
  7.6426   0.0096   0.0032   0.0032   0.0032
  7.6677   0.0096   0.0032   0.0032   0.0032
  7.6927   0.0097   0.0032   0.0032   0.0032
  7.7177   0.0098   0.0033   0.0033   0.0033
  7.7427   0.0098   0.0033   0.0033   0.0033
  7.7678   0.0099   0.0033   0.0033   0.0033
  7.7928   0.0100   0.0033   0.0033   0.0033
  7.8178   0.0100   0.0033   0.0033   0.0033
  7.8428   0.0101   0.0034   0.0034   0.0034
  7.8679   0.0102   0.0034   0.0034   0.0034
  7.8929   0.0103   0.0034   0.0034   0.0034
  7.9179   0.0104   0.0035   0.0035   0.0035
  7.9429   0.0104   0.0035   0.0035   0.0035
  7.9680   0.0105   0.0035   0.0035   0.0035
  7.9930   0.0106   0.0035   0.0035   0.0035
  8.0180   0.0107   0.0036   0.0036   0.0036
  8.0430   0.0108   0.0036   0.0036   0.0036
  8.0681   0.0109   0.0036   0.0036   0.0036
  8.0931   0.0110   0.0037   0.0037   0.0037
  8.1181   0.0111   0.0037   0.0037   0.0037
  8.1431   0.0112   0.0037   0.0037   0.0037
  8.1682   0.0113   0.0038   0.0038   0.0038
  8.1932   0.0114   0.0038   0.0038   0.0038
  8.2182   0.0115   0.0038   0.0038   0.0038
  8.2432   0.0116   0.0039   0.0039   0.0039
  8.2683   0.0117   0.0039   0.0039   0.0039
  8.2933   0.0118   0.0039   0.0039   0.0039
  8.3183   0.0119   0.0040   0.0040   0.0040
  8.3433   0.0121   0.0040   0.0040   0.0040
  8.3684   0.0122   0.0041   0.0041   0.0041
  8.3934   0.0123   0.0041   0.0041   0.0041
  8.4184   0.0124   0.0041   0.0041   0.0041
  8.4434   0.0126   0.0042   0.0042   0.0042
  8.4685   0.0127   0.0042   0.0042   0.0042
  8.4935   0.0128   0.0043   0.0043   0.0043
  8.5185   0.0130   0.0043   0.0043   0.0043
  8.5435   0.0131   0.0044   0.0044   0.0044
  8.5686   0.0133   0.0044   0.0044   0.0044
  8.5936   0.0134   0.0045   0.0045   0.0045
  8.6186   0.0136   0.0045   0.0045   0.0045
  8.6436   0.0137   0.0046   0.0046   0.0046
  8.6687   0.0139   0.0046   0.0046   0.0046
  8.6937   0.0140   0.0047   0.0047   0.0047
  8.7187   0.0142   0.0047   0.0047   0.0047
  8.7437   0.0144   0.0048   0.0048   0.0048
  8.7688   0.0146   0.0049   0.0049   0.0049
  8.7938   0.0147   0.0049   0.0049   0.0049
  8.8188   0.0149   0.0050   0.0050   0.0050
  8.8438   0.0151   0.0050   0.0050   0.0050
  8.8689   0.0153   0.0051   0.0051   0.0051
  8.8939   0.0155   0.0052   0.0052   0.0052
  8.9189   0.0157   0.0052   0.0052   0.0052
  8.9439   0.0160   0.0053   0.0053   0.0053
  8.9690   0.0162   0.0054   0.0054   0.0054
  8.9940   0.0164   0.0055   0.0055   0.0055
  9.0190   0.0166   0.0055   0.0055   0.0055
  9.0440   0.0169   0.0056   0.0056   0.0056
  9.0691   0.0171   0.0057   0.0057   0.0057
  9.0941   0.0174   0.0058   0.0058   0.0058
  9.1191   0.0176   0.0059   0.0059   0.0059
  9.1441   0.0179   0.0060   0.0060   0.0060
  9.1692   0.0182   0.0061   0.0061   0.0061
  9.1942   0.0184   0.0061   0.0061   0.0061
  9.2192   0.0187   0.0062   0.0062   0.0062
  9.2442   0.0190   0.0063   0.0063   0.0063
  9.2693   0.0193   0.0064   0.0064   0.0064
  9.2943   0.0197   0.0066   0.0066   0.0066
  9.3193   0.0200   0.0067   0.0067   0.0067
  9.3443   0.0203   0.0068   0.0068   0.0068
  9.3694   0.0207   0.0069   0.0069   0.0069
  9.3944   0.0210   0.0070   0.0070   0.0070
  9.4194   0.0214   0.0071   0.0071   0.0071
  9.4444   0.0218   0.0073   0.0073   0.0073
  9.4695   0.0222   0.0074   0.0074   0.0074
  9.4945   0.0226   0.0075   0.0075   0.0075
  9.5195   0.0230   0.0077   0.0077   0.0077
  9.5445   0.0234   0.0078   0.0078   0.0078
  9.5696   0.0239   0.0080   0.0080   0.0080
  9.5946   0.0244   0.0081   0.0081   0.0081
  9.6196   0.0248   0.0083   0.0083   0.0083
  9.6446   0.0253   0.0084   0.0084   0.0084
  9.6697   0.0259   0.0086   0.0086   0.0086
  9.6947   0.0264   0.0088   0.0088   0.0088
  9.7197   0.0270   0.0090   0.0090   0.0090
  9.7447   0.0275   0.0092   0.0092   0.0092
  9.7698   0.0281   0.0094   0.0094   0.0094
  9.7948   0.0288   0.0096   0.0096   0.0096
  9.8198   0.0294   0.0098   0.0098   0.0098
  9.8448   0.0301   0.0100   0.0100   0.0100
  9.8699   0.0308   0.0103   0.0103   0.0103
  9.8949   0.0315   0.0105   0.0105   0.0105
  9.9199   0.0323   0.0108   0.0108   0.0108
  9.9449   0.0330   0.0110   0.0110   0.0110
  9.9700   0.0339   0.0113   0.0113   0.0113
  9.9950   0.0347   0.0116   0.0116   0.0116
 10.0200   0.0356   0.0119   0.0119   0.0119
 10.0450   0.0366   0.0122   0.0122   0.0122
 10.0701   0.0375   0.0125   0.0125   0.0125
 10.0951   0.0386   0.0129   0.0129   0.0128
 10.1201   0.0396   0.0132   0.0132   0.0132
 10.1451   0.0407   0.0136   0.0136   0.0136
 10.1702   0.0419   0.0140   0.0140   0.0140
 10.1952   0.0431   0.0144   0.0144   0.0144
 10.2202   0.0444   0.0148   0.0148   0.0148
 10.2452   0.0458   0.0153   0.0153   0.0153
 10.2703   0.0472   0.0157   0.0157   0.0157
 10.2953   0.0487   0.0162   0.0162   0.0162
 10.3203   0.0503   0.0168   0.0168   0.0168
 10.3453   0.0520   0.0173   0.0173   0.0173
 10.3704   0.0538   0.0179   0.0179   0.0179
 10.3954   0.0557   0.0186   0.0186   0.0185
 10.4204   0.0576   0.0192   0.0192   0.0192
 10.4454   0.0597   0.0199   0.0199   0.0199
 10.4705   0.0620   0.0207   0.0207   0.0207
 10.4955   0.0643   0.0214   0.0214   0.0214
 10.5205   0.0669   0.0223   0.0223   0.0223
 10.5455   0.0696   0.0232   0.0232   0.0232
 10.5706   0.0724   0.0241   0.0241   0.0241
 10.5956   0.0755   0.0252   0.0252   0.0252
 10.6206   0.0788   0.0263   0.0263   0.0263
 10.6456   0.0823   0.0274   0.0274   0.0274
 10.6707   0.0861   0.0287   0.0287   0.0287
 10.6957   0.0902   0.0301   0.0301   0.0301
 10.7207   0.0946   0.0315   0.0315   0.0315
 10.7457   0.0994   0.0331   0.0331   0.0331
 10.7708   0.1046   0.0349   0.0349   0.0348
 10.7958   0.1102   0.0367   0.0367   0.0367
 10.8208   0.1163   0.0388   0.0388   0.0388
 10.8458   0.1229   0.0410   0.0410   0.0410
 10.8709   0.1302   0.0434   0.0434   0.0434
 10.8959   0.1382   0.0461   0.0461   0.0461
 10.9209   0.1470   0.0490   0.0490   0.0490
 10.9459   0.1568   0.0523   0.0523   0.0522
 10.9710   0.1675   0.0558   0.0558   0.0558
 10.9960   0.1795   0.0598   0.0598   0.0598
 11.0210   0.1928   0.0643   0.0643   0.0643
 11.0460   0.2077   0.0692   0.0692   0.0692
 11.0711   0.2245   0.0748   0.0748   0.0748
 11.0961   0.2434   0.0811   0.0811   0.0811
 11.1211   0.2648   0.0883   0.0883   0.0883
 11.1461   0.2891   0.0964   0.0964   0.0964
 11.1712   0.3169   0.1056   0.1056   0.1056
 11.1962   0.3487   0.1162   0.1162   0.1162
 11.2212   0.3852   0.1284   0.1284   0.1284
 11.2462   0.4273   0.1424   0.1424   0.1425
 11.2713   0.4760   0.1586   0.1586   0.1587
 11.2963   0.5322   0.1774   0.1774   0.1774
 11.3213   0.5970   0.1990   0.1990   0.1990
 11.3463   0.6715   0.2239   0.2239   0.2238
 11.3714   0.7564   0.2522   0.2522   0.2520
 11.3964   0.8515   0.2840   0.2840   0.2836
 11.4214   0.9556   0.3188   0.3188   0.3181
 11.4464   1.0654   0.3555   0.3555   0.3545
 11.4715   1.1747   0.3921   0.3921   0.3905
 11.4965   1.2745   0.4255   0.4255   0.4235
 11.5215   1.3539   0.4520   0.4520   0.4498
 11.5465   1.4024   0.4681   0.4681   0.4661
 11.5716   1.4129   0.4713   0.4713   0.4702
 11.5966   1.3845   0.4614   0.4614   0.4617
 11.6216   1.3222   0.4401   0.4401   0.4420
 11.6466   1.2356   0.4107   0.4107   0.4141
 11.6717   1.1354   0.3771   0.3771   0.3813
 11.6967   1.0314   0.3423   0.3423   0.3467
 11.7217   0.9307   0.3089   0.3089   0.3129
 11.7467   0.8378   0.2782   0.2782   0.2815
 11.7718   0.7548   0.2508   0.2508   0.2531
 11.7968   0.6824   0.2270   0.2270   0.2283
 11.8218   0.6202   0.2067   0.2067   0.2068
 11.8468   0.5673   0.1894   0.1894   0.1885
 11.8719   0.5227   0.1749   0.1749   0.1730
 11.8969   0.4852   0.1626   0.1626   0.1600
 11.9219   0.4538   0.1523   0.1523   0.1491
 11.9469   0.4276   0.1437   0.1437   0.1402
 11.9720   0.4060   0.1365   0.1365   0.1329
 11.9970   0.3883   0.1306   0.1306   0.1271
 12.0220   0.3742   0.1258   0.1258   0.1226
 12.0470   0.3636   0.1221   0.1221   0.1193
 12.0721   0.3561   0.1195   0.1195   0.1171
 12.0971   0.3518   0.1179   0.1179   0.1160
 12.1221   0.3504   0.1173   0.1173   0.1158
 12.1471   0.3519   0.1177   0.1177   0.1165
 12.1722   0.3564   0.1191   0.1191   0.1183
 12.1972   0.3640   0.1215   0.1215   0.1211
 12.2222   0.3748   0.1249   0.1249   0.1249
 12.2472   0.3889   0.1295   0.1295   0.1298
 12.2723   0.4068   0.1354   0.1354   0.1360
 12.2973   0.4288   0.1426   0.1426   0.1436
 12.3223   0.4554   0.1513   0.1513   0.1527
 12.3473   0.4872   0.1618   0.1618   0.1636
 12.3724   0.5251   0.1743   0.1743   0.1766
 12.3974   0.5699   0.1890   0.1890   0.1919
 12.4224   0.6227   0.2064   0.2064   0.2099
 12.4474   0.6848   0.2269   0.2269   0.2310
 12.4725   0.7577   0.2509   0.2509   0.2558
 12.4975   0.8428   0.2790   0.2790   0.2848
 12.5225   0.9414   0.3116   0.3116   0.3182
 12.5475   1.0546   0.3491   0.3491   0.3564
 12.5726   1.1824   0.3915   0.3915   0.3993
 12.5976   1.3231   0.4385   0.4385   0.4462
 12.6226   1.4722   0.4885   0.4885   0.4952
 12.6476   1.6215   0.5391   0.5391   0.5433
 12.6727   1.7590   0.5863   0.5863   0.5864
 12.6977   1.8695   0.6250   0.6250   0.6195
 12.7227   1.9385   0.6501   0.6501   0.6383
 12.7477   1.9558   0.6576   0.6576   0.6406
 12.7728   1.9198   0.6466   0.6466   0.6266
 12.7978   1.8373   0.6190   0.6190   0.5993
 12.8228   1.7212   0.5792   0.5792   0.5628
 12.8478   1.5862   0.5324   0.5324   0.5213
 12.8729   1.4449   0.4834   0.4834   0.4781
 12.8979   1.3063   0.4354   0.4354   0.4355
 12.9229   1.1758   0.3904   0.3904   0.3949
 12.9479   1.0555   0.3493   0.3493   0.3569
 12.9730   0.9464   0.3124   0.3124   0.3217
 12.9980   0.8481   0.2794   0.2794   0.2893
 13.0230   0.7605   0.2503   0.2503   0.2600
 13.0480   0.6830   0.2247   0.2247   0.2336
 13.0731   0.6149   0.2024   0.2024   0.2102
 13.0981   0.5555   0.1830   0.1830   0.1896
 13.1231   0.5039   0.1662   0.1662   0.1716
 13.1481   0.4593   0.1517   0.1517   0.1559
 13.1732   0.4208   0.1392   0.1392   0.1424
 13.1982   0.3877   0.1285   0.1285   0.1306
 13.2232   0.3593   0.1194   0.1194   0.1205
 13.2482   0.3350   0.1116   0.1116   0.1117
 13.2733   0.3145   0.1051   0.1051   0.1043
 13.2983   0.2972   0.0996   0.0996   0.0979
 13.3233   0.2827   0.0951   0.0951   0.0925
 13.3483   0.2707   0.0914   0.0914   0.0880
 13.3734   0.2606   0.0882   0.0882   0.0842
 13.3984   0.2520   0.0855   0.0855   0.0811
 13.4234   0.2441   0.0829   0.0829   0.0784
 13.4484   0.2364   0.0802   0.0802   0.0760
 13.4735   0.2282   0.0772   0.0772   0.0737
 13.4985   0.2192   0.0739   0.0739   0.0713
 13.5235   0.2092   0.0703   0.0703   0.0686
 13.5485   0.1985   0.0664   0.0664   0.0656
 13.5736   0.1872   0.0624   0.0624   0.0624
 13.5986   0.1760   0.0585   0.0585   0.0591
 13.6236   0.1651   0.0547   0.0547   0.0557
 13.6486   0.1548   0.0512   0.0512   0.0524
 13.6737   0.1453   0.0480   0.0480   0.0494
 13.6987   0.1366   0.0451   0.0451   0.0465
 13.7237   0.1287   0.0425   0.0425   0.0438
 13.7487   0.1217   0.0401   0.0401   0.0414
 13.7738   0.1153   0.0381   0.0381   0.0392
 13.7988   0.1097   0.0363   0.0363   0.0372
 13.8238   0.1048   0.0347   0.0347   0.0354
 13.8488   0.1004   0.0333   0.0333   0.0339
 13.8739   0.0967   0.0321   0.0321   0.0325
 13.8989   0.0935   0.0311   0.0311   0.0314
 13.9239   0.0908   0.0302   0.0302   0.0304
 13.9489   0.0886   0.0295   0.0295   0.0296
 13.9740   0.0868   0.0290   0.0290   0.0289
 13.9990   0.0855   0.0285   0.0285   0.0284
 14.0240   0.0845   0.0283   0.0283   0.0280
 14.0490   0.0838   0.0280   0.0280   0.0277
 14.0741   0.0831   0.0278   0.0278   0.0275
 14.0991   0.0823   0.0275   0.0275   0.0272
 14.1241   0.0811   0.0271   0.0271   0.0268
 14.1491   0.0793   0.0265   0.0265   0.0263
 14.1742   0.0770   0.0257   0.0257   0.0255
 14.1992   0.0741   0.0247   0.0247   0.0246
 14.2242   0.0709   0.0236   0.0236   0.0236
 14.2492   0.0674   0.0225   0.0225   0.0225
 14.2743   0.0640   0.0213   0.0213   0.0213
 14.2993   0.0607   0.0202   0.0202   0.0202
 14.3243   0.0576   0.0192   0.0192   0.0192
 14.3493   0.0547   0.0182   0.0182   0.0182
 14.3744   0.0521   0.0174   0.0174   0.0174
 14.3994   0.0497   0.0166   0.0166   0.0166
 14.4244   0.0475   0.0158   0.0158   0.0159
 14.4494   0.0456   0.0152   0.0152   0.0152
 14.4745   0.0438   0.0146   0.0146   0.0146
 14.4995   0.0421   0.0140   0.0140   0.0140
 14.5245   0.0406   0.0135   0.0135   0.0135
 14.5495   0.0392   0.0131   0.0131   0.0131
 14.5746   0.0379   0.0126   0.0126   0.0126
 14.5996   0.0367   0.0122   0.0122   0.0122
 14.6246   0.0356   0.0119   0.0119   0.0119
 14.6496   0.0345   0.0115   0.0115   0.0115
 14.6747   0.0335   0.0112   0.0112   0.0112
 14.6997   0.0326   0.0109   0.0109   0.0109
 14.7247   0.0317   0.0106   0.0106   0.0106
 14.7497   0.0309   0.0103   0.0103   0.0103
 14.7748   0.0301   0.0100   0.0100   0.0100
 14.7998   0.0293   0.0098   0.0098   0.0098
 14.8248   0.0286   0.0095   0.0095   0.0095
 14.8498   0.0279   0.0093   0.0093   0.0093
 14.8749   0.0273   0.0091   0.0091   0.0091
 14.8999   0.0267   0.0089   0.0089   0.0089
 14.9249   0.0261   0.0087   0.0087   0.0087
 14.9499   0.0255   0.0085   0.0085   0.0085
 14.9750   0.0250   0.0083   0.0083   0.0083
 15.0000   0.0245   0.0082   0.0082   0.0082
