# E  sum  T1  T2  T3 ...
-10.0000   0.0245   0.0082   0.0082   0.0082
 -9.9750   0.0248   0.0083   0.0083   0.0083
 -9.9499   0.0251   0.0084   0.0084   0.0084
 -9.9249   0.0254   0.0085   0.0085   0.0085
 -9.8999   0.0257   0.0086   0.0086   0.0086
 -9.8749   0.0260   0.0087   0.0087   0.0087
 -9.8498   0.0264   0.0088   0.0088   0.0088
 -9.8248   0.0267   0.0089   0.0089   0.0089
 -9.7998   0.0270   0.0090   0.0090   0.0090
 -9.7748   0.0273   0.0091   0.0091   0.0091
 -9.7497   0.0277   0.0092   0.0092   0.0092
 -9.7247   0.0280   0.0093   0.0093   0.0093
 -9.6997   0.0284   0.0095   0.0095   0.0095
 -9.6747   0.0288   0.0096   0.0096   0.0096
 -9.6496   0.0291   0.0097   0.0097   0.0097
 -9.6246   0.0295   0.0098   0.0098   0.0098
 -9.5996   0.0299   0.0100   0.0100   0.0100
 -9.5746   0.0303   0.0101   0.0101   0.0101
 -9.5495   0.0307   0.0102   0.0102   0.0102
 -9.5245   0.0311   0.0104   0.0104   0.0104
 -9.4995   0.0315   0.0105   0.0105   0.0105
 -9.4745   0.0320   0.0107   0.0107   0.0107
 -9.4494   0.0324   0.0108   0.0108   0.0108
 -9.4244   0.0329   0.0110   0.0110   0.0110
 -9.3994   0.0333   0.0111   0.0111   0.0111
 -9.3744   0.0338   0.0113   0.0113   0.0113
 -9.3493   0.0343   0.0114   0.0114   0.0114
 -9.3243   0.0347   0.0116   0.0116   0.0116
 -9.2993   0.0352   0.0117   0.0117   0.0117
 -9.2743   0.0357   0.0119   0.0119   0.0119
 -9.2492   0.0363   0.0121   0.0121   0.0121
 -9.2242   0.0368   0.0123   0.0123   0.0123
 -9.1992   0.0373   0.0124   0.0124   0.0124
 -9.1742   0.0379   0.0126   0.0126   0.0126
 -9.1491   0.0385   0.0128   0.0128   0.0128
 -9.1241   0.0390   0.0130   0.0130   0.0130
 -9.0991   0.0396   0.0132   0.0132   0.0132
 -9.0741   0.0403   0.0134   0.0134   0.0134
 -9.0490   0.0409   0.0136   0.0136   0.0136
 -9.0240   0.0415   0.0138   0.0138   0.0138
 -8.9990   0.0422   0.0141   0.0141   0.0141
 -8.9740   0.0428   0.0143   0.0143   0.0143
 -8.9489   0.0435   0.0145   0.0145   0.0145
 -8.9239   0.0442   0.0147   0.0147   0.0147
 -8.8989   0.0449   0.0150   0.0150   0.0150
 -8.8739   0.0457   0.0152   0.0152   0.0152
 -8.8488   0.0464   0.0155   0.0155   0.0155
 -8.8238   0.0472   0.0157   0.0157   0.0157
 -8.7988   0.0480   0.0160   0.0160   0.0160
 -8.7738   0.0488   0.0163   0.0163   0.0163
 -8.7487   0.0497   0.0166   0.0166   0.0166
 -8.7237   0.0505   0.0168   0.0168   0.0168
 -8.6987   0.0514   0.0171   0.0171   0.0171
 -8.6737   0.0523   0.0174   0.0174   0.0174
 -8.6486   0.0533   0.0178   0.0178   0.0178
 -8.6236   0.0542   0.0181   0.0181   0.0181
 -8.5986   0.0552   0.0184   0.0184   0.0184
 -8.5736   0.0562   0.0187   0.0187   0.0187
 -8.5485   0.0573   0.0191   0.0191   0.0191
 -8.5235   0.0583   0.0194   0.0194   0.0194
 -8.4985   0.0594   0.0198   0.0198   0.0198
 -8.4735   0.0606   0.0202   0.0202   0.0202
 -8.4484   0.0618   0.0206   0.0206   0.0206
 -8.4234   0.0630   0.0210   0.0210   0.0210
 -8.3984   0.0642   0.0214   0.0214   0.0214
 -8.3734   0.0655   0.0218   0.0218   0.0218
 -8.3483   0.0668   0.0223   0.0223   0.0223
 -8.3233   0.0682   0.0227   0.0227   0.0227
 -8.2983   0.0696   0.0232   0.0232   0.0232
 -8.2733   0.0710   0.0237   0.0237   0.0237
 -8.2482   0.0725   0.0242   0.0242   0.0242
 -8.2232   0.0740   0.0247   0.0247   0.0247
 -8.1982   0.0756   0.0252   0.0252   0.0252
 -8.1732   0.0773   0.0258   0.0258   0.0258
 -8.1481   0.0790   0.0263   0.0263   0.0263
 -8.1231   0.0808   0.0269   0.0269   0.0269
 -8.0981   0.0826   0.0275   0.0275   0.0275
 -8.0731   0.0845   0.0282   0.0282   0.0282
 -8.0480   0.0864   0.0288   0.0288   0.0288
 -8.0230   0.0884   0.0295   0.0295   0.0295
 -7.9980   0.0905   0.0302   0.0302   0.0302
 -7.9730   0.0927   0.0309   0.0309   0.0309
 -7.9479   0.0949   0.0316   0.0316   0.0316
 -7.9229   0.0973   0.0324   0.0324   0.0324
 -7.8979   0.0997   0.0332   0.0332   0.0332
 -7.8729   0.1022   0.0341   0.0341   0.0341
 -7.8478   0.1048   0.0349   0.0349   0.0350
 -7.8228   0.1076   0.0359   0.0359   0.0359
 -7.7978   0.1104   0.0368   0.0368   0.0368
 -7.7728   0.1134   0.0378   0.0378   0.0378
 -7.7477   0.1164   0.0388   0.0388   0.0388
 -7.7227   0.1196   0.0399   0.0399   0.0399
 -7.6977   0.1230   0.0410   0.0410   0.0410
 -7.6727   0.1264   0.0421   0.0421   0.0421
 -7.6476   0.1301   0.0434   0.0434   0.0434
 -7.6226   0.1339   0.0446   0.0446   0.0446
 -7.5976   0.1378   0.0459   0.0459   0.0459
 -7.5726   0.1420   0.0473   0.0473   0.0473
 -7.5475   0.1463   0.0488   0.0488   0.0488
 -7.5225   0.1509   0.0503   0.0503   0.0503
 -7.4975   0.1557   0.0519   0.0519   0.0519
 -7.4725   0.1607   0.0536   0.0536   0.0536
 -7.4474   0.1659   0.0553   0.0553   0.0553
 -7.4224   0.1715   0.0572   0.0572   0.0572
 -7.3974   0.1773   0.0591   0.0591   0.0591
 -7.3724   0.1834   0.0611   0.0611   0.0611
 -7.3473   0.1898   0.0633   0.0633   0.0633
 -7.3223   0.1966   0.0655   0.0655   0.0656
 -7.2973   0.2038   0.0679   0.0679   0.0679
 -7.2723   0.2114   0.0705   0.0705   0.0705
 -7.2472   0.2194   0.0731   0.0731   0.0732
 -7.2222   0.2279   0.0760   0.0760   0.0760
 -7.1972   0.2369   0.0790   0.0790   0.0790
 -7.1722   0.2465   0.0822   0.0822   0.0822
 -7.1471   0.2567   0.0856   0.0856   0.0856
 -7.1221   0.2675   0.0892   0.0892   0.0892
 -7.0971   0.2790   0.0930   0.0930   0.0930
 -7.0721   0.2913   0.0971   0.0971   0.0971
 -7.0470   0.3045   0.1015   0.1015   0.1015
 -7.0220   0.3186   0.1062   0.1062   0.1062
 -6.9970   0.3337   0.1112   0.1112   0.1112
 -6.9720   0.3499   0.1166   0.1166   0.1167
 -6.9469   0.3673   0.1224   0.1224   0.1225
 -6.9219   0.3860   0.1287   0.1287   0.1287
 -6.8969   0.4063   0.1354   0.1354   0.1355
 -6.8719   0.4282   0.1427   0.1427   0.1428
 -6.8468   0.4520   0.1506   0.1506   0.1507
 -6.8218   0.4778   0.1592   0.1592   0.1593
 -6.7968   0.5058   0.1686   0.1686   0.1687
 -6.7718   0.5365   0.1788   0.1788   0.1789
 -6.7467   0.5700   0.1899   0.1899   0.1901
 -6.7217   0.6067   0.2022   0.2022   0.2024
 -6.6967   0.6471   0.2156   0.2156   0.2159
 -6.6717   0.6917   0.2305   0.2305   0.2308
 -6.6466   0.7410   0.2469   0.2469   0.2472
 -6.6216   0.7957   0.2651   0.2651   0.2655
 -6.5966   0.8565   0.2853   0.2853   0.2859
 -6.5716   0.9245   0.3079   0.3079   0.3086
 -6.5465   1.0007   0.3333   0.3333   0.3341
 -6.5215   1.0863   0.3618   0.3618   0.3627
 -6.4965   1.1831   0.3940   0.3940   0.3951
 -6.4715   1.2928   0.4305   0.4305   0.4319
 -6.4464   1.4176   0.4720   0.4720   0.4736
 -6.4214   1.5602   0.5194   0.5194   0.5214
 -6.3964   1.7236   0.5737   0.5737   0.5762
 -6.3714   1.9116   0.6362   0.6362   0.6392
 -6.3463   2.1285   0.7083   0.7083   0.7119
 -6.3213   2.3793   0.7917   0.7917   0.7959
 -6.2963   2.6694   0.8882   0.8882   0.8931
 -6.2713   3.0046   0.9997   0.9997   1.0053
 -6.2462   3.3904   1.1281   1.1281   1.1342
 -6.2212   3.8307   1.2749   1.2749   1.2810
 -6.1962   4.3260   1.4403   1.4403   1.4455
 -6.1712   4.8705   1.6227   1.6227   1.6252
 -6.1461   5.4479   1.8169   1.8169   1.8142
 -6.1211   6.0277   2.0131   2.0131   2.0016
 -6.0961   6.5637   2.1961   2.1961   2.1715
 -6.0711   6.9973   2.3463   2.3463   2.3048
 -6.0460   7.2701   2.4433   2.4433   2.3835
 -6.0210   7.3408   2.4723   2.4723   2.3962
 -5.9960   7.2003   2.4288   2.4288   2.3427
 -5.9710   6.8761   2.3212   2.3212   2.2337
 -5.9459   6.4212   2.1670   2.1670   2.0873
 -5.9209   5.8968   1.9869   1.9869   1.9230
 -5.8959   5.3568   1.7996   1.7996   1.7575
 -5.8709   4.8404   1.6189   1.6189   1.6025
 -5.8458   4.3712   1.4531   1.4531   1.4650
 -5.8208   3.9604   1.3061   1.3061   1.3482
 -5.7958   3.6111   1.1792   1.1792   1.2527
 -5.7708   3.3211   1.0717   1.0717   1.1777
 -5.7457   3.0858   0.9825   0.9825   1.1209
 -5.7207   2.8990   0.9098   0.9098   1.0794
 -5.6957   2.7536   0.8523   0.8523   1.0490
 -5.6707   2.6420   0.8085   0.8085   1.0249
 -5.6456   2.5564   0.7774   0.7774   1.0015
 -5.6206   2.4899   0.7581   0.7581   0.9737
 -5.5956   2.4374   0.7497   0.7497   0.9381
 -5.5706   2.3965   0.7513   0.7513   0.8939
 -5.5455   2.3664   0.7618   0.7618   0.8429
 -5.5205   2.3470   0.7792   0.7792   0.7887
 -5.4955   2.3361   0.8006   0.8006   0.7348
 -5.4705   2.3288   0.8221   0.8221   0.6846
 -5.4454   2.3174   0.8387   0.8387   0.6401
 -5.4204   2.2934   0.8455   0.8455   0.6024
 -5.3954   2.2507   0.8392   0.8392   0.5723
 -5.3704   2.1882   0.8193   0.8193   0.5497
 -5.3453   2.1102   0.7879   0.7879   0.5345
 -5.3203   2.0251   0.7494   0.7494   0.5264
 -5.2953   1.9415   0.7083   0.7083   0.5249
 -5.2703   1.8664   0.6685   0.6685   0.5293
 -5.2452   1.8030   0.6323   0.6323   0.5383
 -5.2202   1.7508   0.6004   0.6004   0.5499
 -5.1952   1.7058   0.5722   0.5722   0.5613
 -5.1702   1.6615   0.5462   0.5462   0.5691
 -5.1451   1.6106   0.5204   0.5204   0.5699
 -5.1201   1.5474   0.4932   0.4932   0.5611
 -5.0951   1.4698   0.4639   0.4639   0.5420
 -5.0701   1.3797   0.4328   0.4328   0.5140
 -5.0450   1.2818   0.4009   0.4009   0.4800
 -5.0200   1.1820   0.3695   0.3695   0.4430
 -4.9950   1.0853   0.3397   0.3397   0.4059
 -4.9700   0.9948   0.3121   0.3121   0.3706
 -4.9449   0.9126   0.2872   0.2872   0.3382
 -4.9199   0.8392   0.2651   0.2651   0.3091
 -4.8949   0.7744   0.2455   0.2455   0.2834
 -4.8699   0.7176   0.2283   0.2283   0.2610
 -4.8448   0.6680   0.2133   0.2133   0.2414
 -4.8198   0.6247   0.2001   0.2001   0.2245
 -4.7948   0.5870   0.1886   0.1886   0.2098
 -4.7698   0.5543   0.1786   0.1786   0.1971
 -4.7447   0.5258   0.1698   0.1698   0.1861
 -4.7197   0.5011   0.1622   0.1622   0.1766
 -4.6947   0.4797   0.1556   0.1556   0.1685
 -4.6697   0.4613   0.1499   0.1499   0.1615
 -4.6446   0.4457   0.1450   0.1450   0.1556
 -4.6196   0.4325   0.1409   0.1409   0.1507
 -4.5946   0.4216   0.1375   0.1375   0.1466
 -4.5696   0.4128   0.1347   0.1347   0.1434
 -4.5445   0.4062   0.1326   0.1326   0.1410
 -4.5195   0.4015   0.1311   0.1311   0.1393
 -4.4945   0.3989   0.1302   0.1302   0.1385
 -4.4695   0.3983   0.1299   0.1299   0.1384
 -4.4444   0.3997   0.1303   0.1303   0.1391
 -4.4194   0.4034   0.1314   0.1314   0.1407
 -4.3944   0.4094   0.1331   0.1331   0.1431
 -4.3694   0.4179   0.1356   0.1356   0.1466
 -4.3443   0.4291   0.1390   0.1390   0.1512
 -4.3193   0.4434   0.1432   0.1432   0.1569
 -4.2943   0.4611   0.1486   0.1486   0.1640
 -4.2693   0.4825   0.1551   0.1551   0.1724
 -4.2442   0.5081   0.1629   0.1629   0.1823
 -4.2192   0.5382   0.1723   0.1723   0.1936
 -4.1942   0.5732   0.1835   0.1835   0.2063
 -4.1692   0.6135   0.1968   0.1968   0.2200
 -4.1441   0.6595   0.2125   0.2125   0.2345
 -4.1191   0.7115   0.2310   0.2310   0.2495
 -4.0941   0.7704   0.2528   0.2528   0.2649
 -4.0691   0.8373   0.2782   0.2782   0.2809
 -4.0440   0.9135   0.3076   0.3076   0.2983
 -4.0190   1.0004   0.3413   0.3413   0.3178
 -3.9940   1.0985   0.3791   0.3791   0.3404
 -3.9690   1.2072   0.4202   0.4202   0.3668
 -3.9439   1.3233   0.4631   0.4631   0.3971
 -3.9189   1.4410   0.5052   0.5052   0.4306
 -3.8939   1.5511   0.5427   0.5427   0.4656
 -3.8689   1.6424   0.5716   0.5716   0.4993
 -3.8438   1.7032   0.5879   0.5879   0.5275
 -3.8188   1.7244   0.5893   0.5893   0.5458
 -3.7938   1.7018   0.5756   0.5756   0.5506
 -3.7688   1.6376   0.5486   0.5486   0.5405
 -3.7437   1.5400   0.5117   0.5117   0.5166
 -3.7187   1.4205   0.4691   0.4691   0.4823
 -3.6937   1.2910   0.4245   0.4245   0.4421
 -3.6687   1.1616   0.3809   0.3809   0.3998
 -3.6436   1.0389   0.3401   0.3401   0.3586
 -3.6186   0.9267   0.3033   0.3033   0.3202
 -3.5936   0.8266   0.2705   0.2705   0.2856
 -3.5686   0.7387   0.2419   0.2419   0.2549
 -3.5435   0.6620   0.2169   0.2169   0.2281
 -3.5185   0.5954   0.1953   0.1953   0.2048
 -3.4935   0.5378   0.1766   0.1766   0.1846
 -3.4685   0.4878   0.1603   0.1603   0.1671
 -3.4434   0.4443   0.1462   0.1462   0.1519
 -3.4184   0.4064   0.1339   0.1339   0.1387
 -3.3934   0.3733   0.1230   0.1230   0.1272
 -3.3684   0.3442   0.1136   0.1136   0.1171
 -3.3433   0.3185   0.1052   0.1052   0.1082
 -3.3183   0.2958   0.0977   0.0977   0.1003
 -3.2933   0.2756   0.0911   0.0911   0.0933
 -3.2683   0.2576   0.0852   0.0852   0.0871
 -3.2432   0.2414   0.0799   0.0799   0.0816
 -3.2182   0.2269   0.0752   0.0752   0.0766
 -3.1932   0.2138   0.0709   0.0709   0.0721
 -3.1682   0.2019   0.0670   0.0670   0.0680
 -3.1431   0.1912   0.0634   0.0634   0.0644
 -3.1181   0.1813   0.0602   0.0602   0.0610
 -3.0931   0.1724   0.0572   0.0572   0.0579
 -3.0681   0.1641   0.0545   0.0545   0.0551
 -3.0430   0.1566   0.0520   0.0520   0.0526
 -3.0180   0.1496   0.0497   0.0497   0.0502
 -2.9930   0.1432   0.0476   0.0476   0.0480
 -2.9680   0.1372   0.0456   0.0456   0.0460
 -2.9429   0.1317   0.0438   0.0438   0.0441
 -2.9179   0.1265   0.0421   0.0421   0.0424
 -2.8929   0.1217   0.0405   0.0405   0.0408
 -2.8679   0.1172   0.0390   0.0390   0.0393
 -2.8428   0.1130   0.0376   0.0376   0.0378
 -2.8178   0.1091   0.0363   0.0363   0.0365
 -2.7928   0.1054   0.0351   0.0351   0.0353
 -2.7678   0.1020   0.0339   0.0339   0.0341
 -2.7427   0.0987   0.0328   0.0328   0.0330
 -2.7177   0.0957   0.0318   0.0318   0.0320
 -2.6927   0.0928   0.0309   0.0309   0.0310
 -2.6677   0.0900   0.0300   0.0300   0.0301
 -2.6426   0.0874   0.0291   0.0291   0.0292
 -2.6176   0.0850   0.0283   0.0283   0.0284
 -2.5926   0.0826   0.0275   0.0275   0.0276
 -2.5676   0.0804   0.0268   0.0268   0.0269
 -2.5425   0.0783   0.0261   0.0261   0.0262
 -2.5175   0.0763   0.0254   0.0254   0.0255
 -2.4925   0.0744   0.0248   0.0248   0.0249
 -2.4675   0.0726   0.0242   0.0242   0.0243
 -2.4424   0.0709   0.0236   0.0236   0.0237
 -2.4174   0.0692   0.0230   0.0230   0.0231
 -2.3924   0.0676   0.0225   0.0225   0.0226
 -2.3674   0.0661   0.0220   0.0220   0.0221
 -2.3423   0.0647   0.0215   0.0215   0.0216
 -2.3173   0.0633   0.0211   0.0211   0.0211
 -2.2923   0.0620   0.0206   0.0206   0.0207
 -2.2673   0.0607   0.0202   0.0202   0.0203
 -2.2422   0.0595   0.0198   0.0198   0.0199
 -2.2172   0.0583   0.0194   0.0194   0.0195
 -2.1922   0.0572   0.0190   0.0190   0.0191
 -2.1672   0.0561   0.0187   0.0187   0.0188
 -2.1421   0.0551   0.0183   0.0183   0.0184
 -2.1171   0.0541   0.0180   0.0180   0.0181
 -2.0921   0.0532   0.0177   0.0177   0.0178
 -2.0671   0.0523   0.0174   0.0174   0.0175
 -2.0420   0.0514   0.0171   0.0171   0.0172
 -2.0170   0.0505   0.0168   0.0168   0.0169
 -1.9920   0.0497   0.0166   0.0166   0.0166
 -1.9670   0.0490   0.0163   0.0163   0.0164
 -1.9419   0.0482   0.0160   0.0160   0.0161
 -1.9169   0.0475   0.0158   0.0158   0.0159
 -1.8919   0.0468   0.0156   0.0156   0.0157
 -1.8669   0.0462   0.0154   0.0154   0.0155
 -1.8418   0.0455   0.0151   0.0151   0.0153
 -1.8168   0.0449   0.0149   0.0149   0.0151
 -1.7918   0.0444   0.0147   0.0147   0.0149
 -1.7668   0.0438   0.0146   0.0146   0.0147
 -1.7417   0.0433   0.0144   0.0144   0.0145
 -1.7167   0.0428   0.0142   0.0142   0.0144
 -1.6917   0.0423   0.0141   0.0141   0.0142
 -1.6667   0.0419   0.0139   0.0139   0.0141
 -1.6416   0.0414   0.0138   0.0138   0.0139
 -1.6166   0.0410   0.0136   0.0136   0.0138
 -1.5916   0.0406   0.0135   0.0135   0.0137
 -1.5666   0.0403   0.0134   0.0134   0.0136
 -1.5415   0.0400   0.0132   0.0132   0.0135
 -1.5165   0.0397   0.0131   0.0131   0.0134
 -1.4915   0.0394   0.0130   0.0130   0.0133
 -1.4665   0.0391   0.0129   0.0129   0.0132
 -1.4414   0.0389   0.0129   0.0129   0.0132
 -1.4164   0.0387   0.0128   0.0128   0.0131
 -1.3914   0.0385   0.0127   0.0127   0.0131
 -1.3664   0.0384   0.0127   0.0127   0.0130
 -1.3413   0.0382   0.0126   0.0126   0.0130
 -1.3163   0.0381   0.0126   0.0126   0.0130
 -1.2913   0.0381   0.0125   0.0125   0.0130
 -1.2663   0.0381   0.0125   0.0125   0.0130
 -1.2412   0.0381   0.0125   0.0125   0.0131
 -1.2162   0.0381   0.0125   0.0125   0.0131
 -1.1912   0.0382   0.0125   0.0125   0.0132
 -1.1662   0.0384   0.0125   0.0125   0.0133
 -1.1411   0.0385   0.0126   0.0126   0.0134
 -1.1161   0.0388   0.0126   0.0126   0.0136
 -1.0911   0.0391   0.0127   0.0127   0.0138
 -1.0661   0.0394   0.0127   0.0127   0.0140
 -1.0410   0.0399   0.0128   0.0128   0.0142
 -1.0160   0.0404   0.0129   0.0129   0.0145
 -0.9910   0.0410   0.0131   0.0131   0.0148
 -0.9660   0.0417   0.0132   0.0132   0.0152
 -0.9409   0.0425   0.0134   0.0134   0.0157
 -0.9159   0.0434   0.0136   0.0136   0.0162
 -0.8909   0.0445   0.0138   0.0138   0.0169
 -0.8659   0.0458   0.0141   0.0141   0.0176
 -0.8408   0.0472   0.0144   0.0144   0.0184
 -0.8158   0.0488   0.0147   0.0147   0.0194
 -0.7908   0.0507   0.0151   0.0151   0.0205
 -0.7658   0.0529   0.0155   0.0155   0.0218
 -0.7407   0.0552   0.0160   0.0160   0.0232
 -0.7157   0.0579   0.0166   0.0166   0.0248
 -0.6907   0.0608   0.0172   0.0172   0.0264
 -0.6657   0.0639   0.0179   0.0179   0.0281
 -0.6406   0.0671   0.0187   0.0187   0.0296
 -0.6156   0.0702   0.0196   0.0196   0.0309
 -0.5906   0.0732   0.0207   0.0207   0.0319
 -0.5656   0.0761   0.0219   0.0219   0.0324
 -0.5405   0.0790   0.0232   0.0232   0.0325
 -0.5155   0.0820   0.0248   0.0248   0.0324
 -0.4905   0.0853   0.0266   0.0266   0.0320
 -0.4655   0.0891   0.0287   0.0287   0.0317
 -0.4404   0.0938   0.0311   0.0311   0.0316
 -0.4154   0.0995   0.0339   0.0339   0.0317
 -0.3904   0.1065   0.0372   0.0372   0.0321
 -0.3654   0.1148   0.0409   0.0409   0.0329
 -0.3403   0.1247   0.0453   0.0453   0.0341
 -0.3153   0.1363   0.0502   0.0502   0.0358
 -0.2903   0.1496   0.0558   0.0558   0.0380
 -0.2653   0.1647   0.0620   0.0620   0.0407
 -0.2402   0.1812   0.0686   0.0686   0.0440
 -0.2152   0.1987   0.0754   0.0754   0.0480
 -0.1902   0.2162   0.0818   0.0818   0.0526
 -0.1652   0.2328   0.0874   0.0874   0.0579
 -0.1401   0.2474   0.0918   0.0918   0.0638
 -0.1151   0.2591   0.0945   0.0945   0.0701
 -0.0901   0.2673   0.0955   0.0955   0.0763
 -0.0651   0.2715   0.0948   0.0948   0.0819
 -0.0400   0.2715   0.0926   0.0926   0.0862
 -0.0150   0.2667   0.0891   0.0891   0.0885
  0.0100   0.2571   0.0844   0.0844   0.0884
  0.0350   0.2433   0.0787   0.0787   0.0858
  0.0601   0.2262   0.0725   0.0725   0.0812
  0.0851   0.2072   0.0660   0.0660   0.0752
  0.1101   0.1879   0.0596   0.0596   0.0686
  0.1351   0.1692   0.0536   0.0536   0.0619
  0.1602   0.1519   0.0482   0.0482   0.0556
  0.1852   0.1363   0.0433   0.0433   0.0498
  0.2102   0.1225   0.0390   0.0390   0.0446
  0.2352   0.1105   0.0352   0.0352   0.0400
  0.2603   0.1000   0.0319   0.0319   0.0361
  0.2853   0.0909   0.0291   0.0291   0.0327
  0.3103   0.0830   0.0266   0.0266   0.0297
  0.3353   0.0761   0.0245   0.0245   0.0272
  0.3604   0.0702   0.0226   0.0226   0.0250
  0.3854   0.0650   0.0210   0.0210   0.0230
  0.4104   0.0604   0.0195   0.0195   0.0214
  0.4354   0.0564   0.0182   0.0182   0.0199
  0.4605   0.0529   0.0171   0.0171   0.0187
  0.4855   0.0497   0.0161   0.0161   0.0176
  0.5105   0.0470   0.0152   0.0152   0.0166
  0.5355   0.0445   0.0144   0.0144   0.0158
  0.5606   0.0423   0.0136   0.0136   0.0150
  0.5856   0.0404   0.0130   0.0130   0.0144
  0.6106   0.0386   0.0124   0.0124   0.0138
  0.6356   0.0371   0.0118   0.0118   0.0134
  0.6607   0.0357   0.0113   0.0113   0.0130
  0.6857   0.0345   0.0109   0.0109   0.0127
  0.7107   0.0334   0.0105   0.0105   0.0124
  0.7357   0.0324   0.0101   0.0101   0.0122
  0.7608   0.0315   0.0097   0.0097   0.0121
  0.7858   0.0308   0.0094   0.0094   0.0119
  0.8108   0.0301   0.0091   0.0091   0.0118
  0.8358   0.0294   0.0088   0.0088   0.0117
  0.8609   0.0287   0.0086   0.0086   0.0116
  0.8859   0.0280   0.0083   0.0083   0.0113
  0.9109   0.0272   0.0081   0.0081   0.0110
  0.9359   0.0264   0.0079   0.0079   0.0107
  0.9610   0.0256   0.0077   0.0077   0.0103
  0.9860   0.0248   0.0075   0.0075   0.0098
  1.0110   0.0240   0.0073   0.0073   0.0094
  1.0360   0.0233   0.0072   0.0072   0.0090
  1.0611   0.0226   0.0070   0.0070   0.0086
  1.0861   0.0220   0.0068   0.0068   0.0083
  1.1111   0.0214   0.0067   0.0067   0.0080
  1.1361   0.0208   0.0066   0.0066   0.0077
  1.1612   0.0203   0.0064   0.0064   0.0074
  1.1862   0.0198   0.0063   0.0063   0.0072
  1.2112   0.0194   0.0062   0.0062   0.0070
  1.2362   0.0190   0.0061   0.0061   0.0068
  1.2613   0.0186   0.0060   0.0060   0.0066
  1.2863   0.0182   0.0059   0.0059   0.0064
  1.3113   0.0179   0.0058   0.0058   0.0063
  1.3363   0.0176   0.0057   0.0057   0.0061
  1.3614   0.0173   0.0056   0.0056   0.0060
  1.3864   0.0170   0.0055   0.0055   0.0059
  1.4114   0.0167   0.0055   0.0055   0.0058
  1.4364   0.0165   0.0054   0.0054   0.0057
  1.4615   0.0162   0.0053   0.0053   0.0056
  1.4865   0.0160   0.0053   0.0053   0.0055
  1.5115   0.0158   0.0052   0.0052   0.0054
  1.5365   0.0155   0.0051   0.0051   0.0053
  1.5616   0.0153   0.0051   0.0051   0.0052
  1.5866   0.0152   0.0050   0.0050   0.0051
  1.6116   0.0150   0.0050   0.0050   0.0050
  1.6366   0.0148   0.0049   0.0049   0.0050
  1.6617   0.0146   0.0049   0.0049   0.0049
  1.6867   0.0145   0.0048   0.0048   0.0048
  1.7117   0.0143   0.0048   0.0048   0.0048
  1.7367   0.0142   0.0047   0.0047   0.0047
  1.7618   0.0141   0.0047   0.0047   0.0047
  1.7868   0.0140   0.0047   0.0047   0.0046
  1.8118   0.0139   0.0046   0.0046   0.0046
  1.8368   0.0138   0.0046   0.0046   0.0045
  1.8619   0.0137   0.0046   0.0046   0.0045
  1.8869   0.0136   0.0046   0.0046   0.0044
  1.9119   0.0135   0.0046   0.0046   0.0044
  1.9369   0.0135   0.0046   0.0046   0.0043
  1.9620   0.0134   0.0046   0.0046   0.0043
  1.9870   0.0134   0.0046   0.0046   0.0042
  2.0120   0.0134   0.0046   0.0046   0.0042
  2.0370   0.0134   0.0046   0.0046   0.0042
  2.0621   0.0134   0.0046   0.0046   0.0041
  2.0871   0.0135   0.0047   0.0047   0.0041
  2.1121   0.0136   0.0048   0.0048   0.0041
  2.1371   0.0137   0.0048   0.0048   0.0040
  2.1622   0.0138   0.0049   0.0049   0.0040
  2.1872   0.0140   0.0050   0.0050   0.0040
  2.2122   0.0142   0.0051   0.0051   0.0039
  2.2372   0.0145   0.0053   0.0053   0.0039
  2.2623   0.0147   0.0054   0.0054   0.0039
  2.2873   0.0149   0.0055   0.0055   0.0039
  2.3123   0.0151   0.0056   0.0056   0.0039
  2.3373   0.0151   0.0056   0.0056   0.0038
  2.3624   0.0150   0.0056   0.0056   0.0038
  2.3874   0.0149   0.0055   0.0055   0.0038
  2.4124   0.0146   0.0054   0.0054   0.0038
  2.4374   0.0143   0.0053   0.0053   0.0038
  2.4625   0.0139   0.0051   0.0051   0.0038
  2.4875   0.0136   0.0049   0.0049   0.0038
  2.5125   0.0133   0.0048   0.0048   0.0038
  2.5375   0.0130   0.0046   0.0046   0.0038
  2.5626   0.0128   0.0045   0.0045   0.0038
  2.5876   0.0126   0.0044   0.0044   0.0038
  2.6126   0.0124   0.0043   0.0043   0.0038
  2.6376   0.0123   0.0042   0.0042   0.0039
  2.6627   0.0122   0.0042   0.0042   0.0039
  2.6877   0.0122   0.0041   0.0041   0.0040
  2.7127   0.0122   0.0041   0.0041   0.0040
  2.7377   0.0122   0.0041   0.0041   0.0041
  2.7628   0.0123   0.0041   0.0041   0.0042
  2.7878   0.0124   0.0041   0.0041   0.0043
  2.8128   0.0126   0.0041   0.0041   0.0044
  2.8378   0.0127   0.0041   0.0041   0.0045
  2.8629   0.0129   0.0041   0.0041   0.0046
  2.8879   0.0130   0.0041   0.0041   0.0047
  2.9129   0.0130   0.0041   0.0041   0.0047
  2.9379   0.0130   0.0041   0.0041   0.0047
  2.9630   0.0128   0.0041   0.0041   0.0047
  2.9880   0.0126   0.0040   0.0040   0.0046
  3.0130   0.0123   0.0039   0.0039   0.0045
  3.0380   0.0120   0.0038   0.0038   0.0043
  3.0631   0.0116   0.0037   0.0037   0.0042
  3.0881   0.0113   0.0036   0.0036   0.0040
  3.1131   0.0110   0.0036   0.0036   0.0039
  3.1381   0.0108   0.0035   0.0035   0.0038
  3.1632   0.0105   0.0034   0.0034   0.0037
  3.1882   0.0103   0.0034   0.0034   0.0036
  3.2132   0.0101   0.0033   0.0033   0.0035
  3.2382   0.0099   0.0033   0.0033   0.0034
  3.2633   0.0098   0.0032   0.0032   0.0034
  3.2883   0.0096   0.0032   0.0032   0.0033
  3.3133   0.0095   0.0031   0.0031   0.0032
  3.3383   0.0094   0.0031   0.0031   0.0032
  3.3634   0.0093   0.0031   0.0031   0.0031
  3.3884   0.0092   0.0030   0.0030   0.0031
  3.4134   0.0091   0.0030   0.0030   0.0031
  3.4384   0.0090   0.0030   0.0030   0.0030
  3.4635   0.0089   0.0030   0.0030   0.0030
  3.4885   0.0089   0.0029   0.0029   0.0030
  3.5135   0.0088   0.0029   0.0029   0.0030
  3.5385   0.0087   0.0029   0.0029   0.0029
  3.5636   0.0087   0.0029   0.0029   0.0029
  3.5886   0.0086   0.0029   0.0029   0.0029
  3.6136   0.0086   0.0028   0.0028   0.0029
  3.6386   0.0085   0.0028   0.0028   0.0029
  3.6637   0.0085   0.0028   0.0028   0.0028
  3.6887   0.0084   0.0028   0.0028   0.0028
  3.7137   0.0084   0.0028   0.0028   0.0028
  3.7387   0.0083   0.0028   0.0028   0.0028
  3.7638   0.0083   0.0028   0.0028   0.0028
  3.7888   0.0082   0.0027   0.0027   0.0028
  3.8138   0.0082   0.0027   0.0027   0.0027
  3.8388   0.0082   0.0027   0.0027   0.0027
  3.8639   0.0081   0.0027   0.0027   0.0027
  3.8889   0.0081   0.0027   0.0027   0.0027
  3.9139   0.0081   0.0027   0.0027   0.0027
  3.9389   0.0080   0.0027   0.0027   0.0027
  3.9640   0.0080   0.0027   0.0027   0.0027
  3.9890   0.0080   0.0027   0.0027   0.0027
  4.0140   0.0079   0.0026   0.0026   0.0026
  4.0390   0.0079   0.0026   0.0026   0.0026
  4.0641   0.0079   0.0026   0.0026   0.0026
  4.0891   0.0078   0.0026   0.0026   0.0026
  4.1141   0.0078   0.0026   0.0026   0.0026
  4.1391   0.0078   0.0026   0.0026   0.0026
  4.1642   0.0078   0.0026   0.0026   0.0026
  4.1892   0.0077   0.0026   0.0026   0.0026
  4.2142   0.0077   0.0026   0.0026   0.0026
  4.2392   0.0077   0.0026   0.0026   0.0026
  4.2643   0.0077   0.0026   0.0026   0.0026
  4.2893   0.0077   0.0026   0.0026   0.0026
  4.3143   0.0076   0.0025   0.0025   0.0025
  4.3393   0.0076   0.0025   0.0025   0.0025
  4.3644   0.0076   0.0025   0.0025   0.0025
  4.3894   0.0076   0.0025   0.0025   0.0025
  4.4144   0.0076   0.0025   0.0025   0.0025
  4.4394   0.0075   0.0025   0.0025   0.0025
  4.4645   0.0075   0.0025   0.0025   0.0025
  4.4895   0.0075   0.0025   0.0025   0.0025
  4.5145   0.0075   0.0025   0.0025   0.0025
  4.5395   0.0075   0.0025   0.0025   0.0025
  4.5646   0.0075   0.0025   0.0025   0.0025
  4.5896   0.0074   0.0025   0.0025   0.0025
  4.6146   0.0074   0.0025   0.0025   0.0025
  4.6396   0.0074   0.0025   0.0025   0.0025
  4.6647   0.0074   0.0025   0.0025   0.0025
  4.6897   0.0074   0.0025   0.0025   0.0025
  4.7147   0.0074   0.0025   0.0025   0.0025
  4.7397   0.0074   0.0025   0.0025   0.0025
  4.7648   0.0074   0.0025   0.0025   0.0025
  4.7898   0.0073   0.0024   0.0024   0.0024
  4.8148   0.0073   0.0024   0.0024   0.0024
  4.8398   0.0073   0.0024   0.0024   0.0024
  4.8649   0.0073   0.0024   0.0024   0.0024
  4.8899   0.0073   0.0024   0.0024   0.0024
  4.9149   0.0073   0.0024   0.0024   0.0024
  4.9399   0.0073   0.0024   0.0024   0.0024
  4.9650   0.0073   0.0024   0.0024   0.0024
  4.9900   0.0073   0.0024   0.0024   0.0024
  5.0150   0.0073   0.0024   0.0024   0.0024
  5.0400   0.0073   0.0024   0.0024   0.0024
  5.0651   0.0073   0.0024   0.0024   0.0024
  5.0901   0.0072   0.0024   0.0024   0.0024
  5.1151   0.0072   0.0024   0.0024   0.0024
  5.1401   0.0072   0.0024   0.0024   0.0024
  5.1652   0.0072   0.0024   0.0024   0.0024
  5.1902   0.0072   0.0024   0.0024   0.0024
  5.2152   0.0072   0.0024   0.0024   0.0024
  5.2402   0.0072   0.0024   0.0024   0.0024
  5.2653   0.0072   0.0024   0.0024   0.0024
  5.2903   0.0072   0.0024   0.0024   0.0024
  5.3153   0.0072   0.0024   0.0024   0.0024
  5.3403   0.0072   0.0024   0.0024   0.0024
  5.3654   0.0072   0.0024   0.0024   0.0024
  5.3904   0.0072   0.0024   0.0024   0.0024
  5.4154   0.0072   0.0024   0.0024   0.0024
  5.4404   0.0072   0.0024   0.0024   0.0024
  5.4655   0.0072   0.0024   0.0024   0.0024
  5.4905   0.0072   0.0024   0.0024   0.0024
  5.5155   0.0072   0.0024   0.0024   0.0024
  5.5405   0.0072   0.0024   0.0024   0.0024
  5.5656   0.0072   0.0024   0.0024   0.0024
  5.5906   0.0072   0.0024   0.0024   0.0024
  5.6156   0.0072   0.0024   0.0024   0.0024
  5.6406   0.0072   0.0024   0.0024   0.0024
  5.6657   0.0072   0.0024   0.0024   0.0024
  5.6907   0.0072   0.0024   0.0024   0.0024
  5.7157   0.0073   0.0024   0.0024   0.0024
  5.7407   0.0073   0.0024   0.0024   0.0024
  5.7658   0.0073   0.0024   0.0024   0.0024
  5.7908   0.0073   0.0024   0.0024   0.0024
  5.8158   0.0073   0.0024   0.0024   0.0024
  5.8408   0.0073   0.0024   0.0024   0.0024
  5.8659   0.0073   0.0024   0.0024   0.0024
  5.8909   0.0073   0.0024   0.0024   0.0024
  5.9159   0.0073   0.0024   0.0024   0.0024
  5.9409   0.0073   0.0024   0.0024   0.0024
  5.9660   0.0073   0.0024   0.0024   0.0024
  5.9910   0.0073   0.0024   0.0024   0.0024
  6.0160   0.0074   0.0025   0.0025   0.0025
  6.0410   0.0074   0.0025   0.0025   0.0025
  6.0661   0.0074   0.0025   0.0025   0.0025
  6.0911   0.0074   0.0025   0.0025   0.0025
  6.1161   0.0074   0.0025   0.0025   0.0025
  6.1411   0.0074   0.0025   0.0025   0.0025
  6.1662   0.0074   0.0025   0.0025   0.0025
  6.1912   0.0075   0.0025   0.0025   0.0025
  6.2162   0.0075   0.0025   0.0025   0.0025
  6.2412   0.0075   0.0025   0.0025   0.0025
  6.2663   0.0075   0.0025   0.0025   0.0025
  6.2913   0.0075   0.0025   0.0025   0.0025
  6.3163   0.0075   0.0025   0.0025   0.0025
  6.3413   0.0076   0.0025   0.0025   0.0025
  6.3664   0.0076   0.0025   0.0025   0.0025
  6.3914   0.0076   0.0025   0.0025   0.0025
  6.4164   0.0076   0.0025   0.0025   0.0025
  6.4414   0.0076   0.0025   0.0025   0.0025
  6.4665   0.0077   0.0026   0.0026   0.0026
  6.4915   0.0077   0.0026   0.0026   0.0026
  6.5165   0.0077   0.0026   0.0026   0.0026
  6.5415   0.0077   0.0026   0.0026   0.0026
  6.5666   0.0077   0.0026   0.0026   0.0026
  6.5916   0.0078   0.0026   0.0026   0.0026
  6.6166   0.0078   0.0026   0.0026   0.0026
  6.6416   0.0078   0.0026   0.0026   0.0026
  6.6667   0.0078   0.0026   0.0026   0.0026
  6.6917   0.0079   0.0026   0.0026   0.0026
  6.7167   0.0079   0.0026   0.0026   0.0026
  6.7417   0.0079   0.0026   0.0026   0.0026
  6.7668   0.0080   0.0027   0.0027   0.0027
  6.7918   0.0080   0.0027   0.0027   0.0027
  6.8168   0.0080   0.0027   0.0027   0.0027
  6.8418   0.0081   0.0027   0.0027   0.0027
  6.8669   0.0081   0.0027   0.0027   0.0027
  6.8919   0.0081   0.0027   0.0027   0.0027
  6.9169   0.0082   0.0027   0.0027   0.0027
  6.9419   0.0082   0.0027   0.0027   0.0027
  6.9670   0.0082   0.0027   0.0027   0.0027
  6.9920   0.0083   0.0028   0.0028   0.0028
  7.0170   0.0083   0.0028   0.0028   0.0028
  7.0420   0.0083   0.0028   0.0028   0.0028
  7.0671   0.0084   0.0028   0.0028   0.0028
  7.0921   0.0084   0.0028   0.0028   0.0028
  7.1171   0.0085   0.0028   0.0028   0.0028
  7.1421   0.0085   0.0028   0.0028   0.0028
  7.1672   0.0085   0.0028   0.0028   0.0028
  7.1922   0.0086   0.0029   0.0029   0.0029
  7.2172   0.0086   0.0029   0.0029   0.0029
  7.2422   0.0087   0.0029   0.0029   0.0029
  7.2673   0.0087   0.0029   0.0029   0.0029
  7.2923   0.0088   0.0029   0.0029   0.0029
  7.3173   0.0088   0.0029   0.0029   0.0029
  7.3423   0.0089   0.0030   0.0030   0.0030
  7.3674   0.0089   0.0030   0.0030   0.0030
  7.3924   0.0090   0.0030   0.0030   0.0030
  7.4174   0.0090   0.0030   0.0030   0.0030
  7.4424   0.0091   0.0030   0.0030   0.0030
  7.4675   0.0091   0.0030   0.0030   0.0030
  7.4925   0.0092   0.0031   0.0031   0.0031
  7.5175   0.0092   0.0031   0.0031   0.0031
  7.5425   0.0093   0.0031   0.0031   0.0031
  7.5676   0.0094   0.0031   0.0031   0.0031
  7.5926   0.0094   0.0031   0.0031   0.0031
  7.6176   0.0095   0.0032   0.0032   0.0032
  7.6426   0.0095   0.0032   0.0032   0.0032
  7.6677   0.0096   0.0032   0.0032   0.0032
  7.6927   0.0097   0.0032   0.0032   0.0032
  7.7177   0.0097   0.0032   0.0032   0.0032
  7.7427   0.0098   0.0033   0.0033   0.0033
  7.7678   0.0099   0.0033   0.0033   0.0033
  7.7928   0.0100   0.0033   0.0033   0.0033
  7.8178   0.0100   0.0033   0.0033   0.0033
  7.8428   0.0101   0.0034   0.0034   0.0034
  7.8679   0.0102   0.0034   0.0034   0.0034
  7.8929   0.0103   0.0034   0.0034   0.0034
  7.9179   0.0103   0.0034   0.0034   0.0034
  7.9429   0.0104   0.0035   0.0035   0.0035
  7.9680   0.0105   0.0035   0.0035   0.0035
  7.9930   0.0106   0.0035   0.0035   0.0035
  8.0180   0.0107   0.0036   0.0036   0.0036
  8.0430   0.0108   0.0036   0.0036   0.0036
  8.0681   0.0109   0.0036   0.0036   0.0036
  8.0931   0.0110   0.0037   0.0037   0.0037
  8.1181   0.0111   0.0037   0.0037   0.0037
  8.1431   0.0112   0.0037   0.0037   0.0037
  8.1682   0.0113   0.0038   0.0038   0.0038
  8.1932   0.0114   0.0038   0.0038   0.0038
  8.2182   0.0115   0.0038   0.0038   0.0038
  8.2432   0.0116   0.0039   0.0039   0.0039
  8.2683   0.0117   0.0039   0.0039   0.0039
  8.2933   0.0118   0.0039   0.0039   0.0039
  8.3183   0.0119   0.0040   0.0040   0.0040
  8.3433   0.0120   0.0040   0.0040   0.0040
  8.3684   0.0122   0.0041   0.0041   0.0041
  8.3934   0.0123   0.0041   0.0041   0.0041
  8.4184   0.0124   0.0041   0.0041   0.0041
  8.4434   0.0125   0.0042   0.0042   0.0042
  8.4685   0.0127   0.0042   0.0042   0.0042
  8.4935   0.0128   0.0043   0.0043   0.0043
  8.5185   0.0129   0.0043   0.0043   0.0043
  8.5435   0.0131   0.0044   0.0044   0.0044
  8.5686   0.0132   0.0044   0.0044   0.0044
  8.5936   0.0134   0.0045   0.0045   0.0045
  8.6186   0.0135   0.0045   0.0045   0.0045
  8.6436   0.0137   0.0046   0.0046   0.0046
  8.6687   0.0138   0.0046   0.0046   0.0046
  8.6937   0.0140   0.0047   0.0047   0.0047
  8.7187   0.0142   0.0047   0.0047   0.0047
  8.7437   0.0144   0.0048   0.0048   0.0048
  8.7688   0.0145   0.0048   0.0048   0.0048
  8.7938   0.0147   0.0049   0.0049   0.0049
  8.8188   0.0149   0.0050   0.0050   0.0050
  8.8438   0.0151   0.0050   0.0050   0.0050
  8.8689   0.0153   0.0051   0.0051   0.0051
  8.8939   0.0155   0.0052   0.0052   0.0052
  8.9189   0.0157   0.0052   0.0052   0.0052
  8.9439   0.0159   0.0053   0.0053   0.0053
  8.9690   0.0161   0.0054   0.0054   0.0054
  8.9940   0.0163   0.0054   0.0054   0.0055
  9.0190   0.0166   0.0055   0.0055   0.0055
  9.0440   0.0168   0.0056   0.0056   0.0056
  9.0691   0.0171   0.0057   0.0057   0.0057
  9.0941   0.0173   0.0058   0.0058   0.0058
  9.1191   0.0176   0.0059   0.0059   0.0059
  9.1441   0.0178   0.0059   0.0059   0.0059
  9.1692   0.0181   0.0060   0.0060   0.0060
  9.1942   0.0184   0.0061   0.0061   0.0061
  9.2192   0.0187   0.0062   0.0062   0.0062
  9.2442   0.0190   0.0063   0.0063   0.0063
  9.2693   0.0193   0.0064   0.0064   0.0064
  9.2943   0.0196   0.0065   0.0065   0.0065
  9.3193   0.0199   0.0066   0.0066   0.0066
  9.3443   0.0202   0.0067   0.0067   0.0067
  9.3694   0.0206   0.0069   0.0069   0.0069
  9.3944   0.0209   0.0070   0.0070   0.0070
  9.4194   0.0213   0.0071   0.0071   0.0071
  9.4444   0.0217   0.0072   0.0072   0.0072
  9.4695   0.0221   0.0074   0.0074   0.0074
  9.4945   0.0225   0.0075   0.0075   0.0075
  9.5195   0.0229   0.0076   0.0076   0.0076
  9.5445   0.0233   0.0078   0.0078   0.0078
  9.5696   0.0238   0.0079   0.0079   0.0079
  9.5946   0.0242   0.0081   0.0081   0.0081
  9.6196   0.0247   0.0082   0.0082   0.0082
  9.6446   0.0252   0.0084   0.0084   0.0084
  9.6697   0.0257   0.0086   0.0086   0.0086
  9.6947   0.0262   0.0087   0.0087   0.0087
  9.7197   0.0268   0.0089   0.0089   0.0089
  9.7447   0.0273   0.0091   0.0091   0.0091
  9.7698   0.0279   0.0093   0.0093   0.0093
  9.7948   0.0285   0.0095   0.0095   0.0095
  9.8198   0.0292   0.0097   0.0097   0.0097
  9.8448   0.0298   0.0099   0.0099   0.0100
  9.8699   0.0305   0.0102   0.0102   0.0102
  9.8949   0.0312   0.0104   0.0104   0.0104
  9.9199   0.0320   0.0107   0.0107   0.0107
  9.9449   0.0327   0.0109   0.0109   0.0109
  9.9700   0.0335   0.0112   0.0112   0.0112
  9.9950   0.0344   0.0115   0.0115   0.0115
 10.0200   0.0352   0.0117   0.0117   0.0118
 10.0450   0.0362   0.0120   0.0120   0.0121
 10.0701   0.0371   0.0124   0.0124   0.0124
 10.0951   0.0381   0.0127   0.0127   0.0127
 10.1201   0.0391   0.0130   0.0130   0.0131
 10.1451   0.0402   0.0134   0.0134   0.0134
 10.1702   0.0414   0.0138   0.0138   0.0138
 10.1952   0.0426   0.0142   0.0142   0.0142
 10.2202   0.0438   0.0146   0.0146   0.0146
 10.2452   0.0451   0.0150   0.0150   0.0151
 10.2703   0.0465   0.0155   0.0155   0.0155
 10.2953   0.0480   0.0160   0.0160   0.0160
 10.3203   0.0495   0.0165   0.0165   0.0165
 10.3453   0.0511   0.0170   0.0170   0.0171
 10.3704   0.0528   0.0176   0.0176   0.0176
 10.3954   0.0546   0.0182   0.0182   0.0182
 10.4204   0.0565   0.0188   0.0188   0.0189
 10.4454   0.0585   0.0195   0.0195   0.0196
 10.4705   0.0606   0.0202   0.0202   0.0203
 10.4955   0.0629   0.0209   0.0209   0.0210
 10.5205   0.0653   0.0217   0.0217   0.0218
 10.5455   0.0678   0.0226   0.0226   0.0227
 10.5706   0.0706   0.0235   0.0235   0.0236
 10.5956   0.0735   0.0244   0.0244   0.0246
 10.6206   0.0766   0.0255   0.0255   0.0256
 10.6456   0.0799   0.0266   0.0266   0.0267
 10.6707   0.0834   0.0277   0.0277   0.0279
 10.6957   0.0872   0.0290   0.0290   0.0292
 10.7207   0.0913   0.0304   0.0304   0.0306
 10.7457   0.0958   0.0318   0.0318   0.0321
 10.7708   0.1005   0.0334   0.0334   0.0337
 10.7958   0.1057   0.0351   0.0351   0.0355
 10.8208   0.1113   0.0370   0.0370   0.0374
 10.8458   0.1174   0.0390   0.0390   0.0394
 10.8709   0.1241   0.0412   0.0412   0.0417
 10.8959   0.1313   0.0436   0.0436   0.0442
 10.9209   0.1393   0.0462   0.0462   0.0469
 10.9459   0.1480   0.0491   0.0491   0.0498
 10.9710   0.1576   0.0522   0.0522   0.0531
 10.9960   0.1683   0.0557   0.0557   0.0568
 11.0210   0.1801   0.0596   0.0596   0.0608
 11.0460   0.1932   0.0639   0.0639   0.0653
 11.0711   0.2079   0.0687   0.0687   0.0704
 11.0961   0.2243   0.0741   0.0741   0.0761
 11.1211   0.2428   0.0802   0.0802   0.0824
 11.1461   0.2637   0.0870   0.0870   0.0897
 11.1712   0.2874   0.0947   0.0947   0.0979
 11.1962   0.3143   0.1035   0.1035   0.1073
 11.2212   0.3451   0.1135   0.1135   0.1180
 11.2462   0.3804   0.1250   0.1250   0.1304
 11.2713   0.4210   0.1382   0.1382   0.1445
 11.2963   0.4678   0.1535   0.1535   0.1609
 11.3213   0.5217   0.1710   0.1710   0.1796
 11.3463   0.5837   0.1913   0.1913   0.2011
 11.3714   0.6549   0.2147   0.2147   0.2255
 11.3964   0.7357   0.2414   0.2414   0.2529
 11.4214   0.8263   0.2718   0.2718   0.2827
 11.4464   0.9254   0.3056   0.3056   0.3142
 11.4715   1.0303   0.3422   0.3422   0.3459
 11.4965   1.1360   0.3803   0.3803   0.3753
 11.5215   1.2351   0.4175   0.4175   0.4000
 11.5465   1.3190   0.4506   0.4506   0.4178
 11.5716   1.3797   0.4761   0.4761   0.4276
 11.5966   1.4117   0.4908   0.4908   0.4301
 11.6216   1.4145   0.4936   0.4936   0.4273
 11.6466   1.3924   0.4854   0.4854   0.4216
 11.6717   1.3525   0.4687   0.4687   0.4151
 11.6967   1.3021   0.4466   0.4466   0.4089
 11.7217   1.2462   0.4219   0.4219   0.4025
 11.7467   1.1868   0.3960   0.3960   0.3948
 11.7718   1.1233   0.3696   0.3696   0.3841
 11.7968   1.0551   0.3430   0.3430   0.3691
 11.8218   0.9820   0.3162   0.3162   0.3496
 11.8468   0.9060   0.2898   0.2898   0.3264
 11.8719   0.8299   0.2644   0.2644   0.3010
 11.8969   0.7566   0.2407   0.2407   0.2753
 11.9219   0.6887   0.2191   0.2191   0.2505
 11.9469   0.6276   0.1999   0.1999   0.2278
 11.9720   0.5738   0.1831   0.1831   0.2075
 11.9970   0.5272   0.1687   0.1687   0.1897
 12.0220   0.4875   0.1565   0.1565   0.1745
 12.0470   0.4540   0.1462   0.1462   0.1616
 12.0721   0.4261   0.1377   0.1377   0.1507
 12.0971   0.4031   0.1307   0.1307   0.1418
 12.1221   0.3846   0.1251   0.1251   0.1345
 12.1471   0.3700   0.1207   0.1207   0.1287
 12.1722   0.3590   0.1174   0.1174   0.1242
 12.1972   0.3514   0.1152   0.1152   0.1209
 12.2222   0.3468   0.1140   0.1140   0.1187
 12.2472   0.3451   0.1138   0.1138   0.1176
 12.2723   0.3464   0.1144   0.1144   0.1175
 12.2973   0.3505   0.1160   0.1160   0.1184
 12.3223   0.3576   0.1186   0.1186   0.1203
 12.3473   0.3677   0.1222   0.1222   0.1233
 12.3724   0.3812   0.1269   0.1269   0.1274
 12.3974   0.3983   0.1328   0.1328   0.1327
 12.4224   0.4194   0.1401   0.1401   0.1393
 12.4474   0.4450   0.1488   0.1488   0.1474
 12.4725   0.4757   0.1593   0.1593   0.1572
 12.4975   0.5123   0.1717   0.1717   0.1689
 12.5225   0.5556   0.1864   0.1864   0.1828
 12.5475   0.6068   0.2038   0.2038   0.1992
 12.5726   0.6671   0.2242   0.2242   0.2187
 12.5976   0.7380   0.2482   0.2482   0.2415
 12.6226   0.8208   0.2763   0.2763   0.2683
 12.6476   0.9171   0.3088   0.3088   0.2994
 12.6727   1.0277   0.3462   0.3462   0.3353
 12.6977   1.1529   0.3885   0.3885   0.3760
 12.7227   1.2910   0.4350   0.4350   0.4211
 12.7477   1.4378   0.4842   0.4842   0.4694
 12.7728   1.5850   0.5334   0.5334   0.5183
 12.7978   1.7202   0.5782   0.5782   0.5638
 12.8228   1.8276   0.6133   0.6133   0.6010
 12.8478   1.8913   0.6335   0.6335   0.6243
 12.8729   1.9005   0.6353   0.6353   0.6299
 12.8979   1.8530   0.6182   0.6182   0.6166
 12.9229   1.7570   0.5852   0.5852   0.5866
 12.9479   1.6268   0.5411   0.5411   0.5447
 12.9730   1.4789   0.4914   0.4914   0.4962
 12.9980   1.3272   0.4406   0.4406   0.4459
 13.0230   1.1814   0.3921   0.3921   0.3972
 13.0480   1.0472   0.3475   0.3475   0.3523
 13.0731   0.9270   0.3076   0.3076   0.3119
 13.0981   0.8213   0.2725   0.2725   0.2762
 13.1231   0.7292   0.2420   0.2420   0.2452
 13.1481   0.6495   0.2156   0.2156   0.2183
 13.1732   0.5806   0.1928   0.1928   0.1951
 13.1982   0.5211   0.1730   0.1730   0.1750
 13.2232   0.4695   0.1559   0.1559   0.1576
 13.2482   0.4248   0.1411   0.1411   0.1425
 13.2733   0.3858   0.1282   0.1282   0.1294
 13.2983   0.3518   0.1169   0.1169   0.1179
 13.3233   0.3219   0.1070   0.1070   0.1079
 13.3483   0.2956   0.0983   0.0983   0.0990
 13.3734   0.2723   0.0905   0.0905   0.0912
 13.3984   0.2516   0.0837   0.0837   0.0843
 13.4234   0.2332   0.0776   0.0776   0.0781
 13.4484   0.2168   0.0721   0.0721   0.0726
 13.4735   0.2020   0.0672   0.0672   0.0676
 13.4985   0.1887   0.0628   0.0628   0.0631
 13.5235   0.1767   0.0588   0.0588   0.0591
 13.5485   0.1658   0.0552   0.0552   0.0555
 13.5736   0.1560   0.0519   0.0519   0.0521
 13.5986   0.1469   0.0489   0.0489   0.0491
 13.6236   0.1387   0.0462   0.0462   0.0464
 13.6486   0.1312   0.0437   0.0437   0.0438
 13.6737   0.1243   0.0414   0.0414   0.0415
 13.6987   0.1179   0.0393   0.0393   0.0394
 13.7237   0.1120   0.0373   0.0373   0.0374
 13.7487   0.1066   0.0355   0.0355   0.0356
 13.7738   0.1015   0.0338   0.0338   0.0339
 13.7988   0.0969   0.0323   0.0323   0.0323
 13.8238   0.0925   0.0308   0.0308   0.0309
 13.8488   0.0885   0.0295   0.0295   0.0295
 13.8739   0.0847   0.0282   0.0282   0.0283
 13.8989   0.0812   0.0270   0.0270   0.0271
 13.9239   0.0779   0.0259   0.0259   0.0260
 13.9489   0.0748   0.0249   0.0249   0.0250
 13.9740   0.0719   0.0239   0.0239   0.0240
 13.9990   0.0692   0.0230   0.0230   0.0231
 14.0240   0.0666   0.0222   0.0222   0.0222
 14.0490   0.0642   0.0214   0.0214   0.0214
 14.0741   0.0619   0.0206   0.0206   0.0207
 14.0991   0.0597   0.0199   0.0199   0.0199
 14.1241   0.0577   0.0192   0.0192   0.0193
 14.1491   0.0558   0.0186   0.0186   0.0186
 14.1742   0.0540   0.0180   0.0180   0.0180
 14.1992   0.0522   0.0174   0.0174   0.0174
 14.2242   0.0506   0.0169   0.0169   0.0169
 14.2492   0.0490   0.0163   0.0163   0.0164
 14.2743   0.0475   0.0158   0.0158   0.0159
 14.2993   0.0461   0.0154   0.0154   0.0154
 14.3243   0.0448   0.0149   0.0149   0.0149
 14.3493   0.0435   0.0145   0.0145   0.0145
 14.3744   0.0423   0.0141   0.0141   0.0141
 14.3994   0.0411   0.0137   0.0137   0.0137
 14.4244   0.0400   0.0133   0.0133   0.0133
 14.4494   0.0389   0.0130   0.0130   0.0130
 14.4745   0.0379   0.0126   0.0126   0.0126
 14.4995   0.0369   0.0123   0.0123   0.0123
 14.5245   0.0359   0.0120   0.0120   0.0120
 14.5495   0.0350   0.0117   0.0117   0.0117
 14.5746   0.0342   0.0114   0.0114   0.0114
 14.5996   0.0334   0.0111   0.0111   0.0111
 14.6246   0.0326   0.0109   0.0109   0.0109
 14.6496   0.0318   0.0106   0.0106   0.0106
 14.6747   0.0311   0.0104   0.0104   0.0104
 14.6997   0.0304   0.0101   0.0101   0.0101
 14.7247   0.0297   0.0099   0.0099   0.0099
 14.7497   0.0290   0.0097   0.0097   0.0097
 14.7748   0.0284   0.0095   0.0095   0.0095
 14.7998   0.0278   0.0093   0.0093   0.0093
 14.8248   0.0272   0.0091   0.0091   0.0091
 14.8498   0.0266   0.0089   0.0089   0.0089
 14.8749   0.0261   0.0087   0.0087   0.0087
 14.8999   0.0256   0.0085   0.0085   0.0085
 14.9249   0.0251   0.0084   0.0084   0.0084
 14.9499   0.0246   0.0082   0.0082   0.0082
 14.9750   0.0241   0.0080   0.0080   0.0080
 15.0000   0.0236   0.0079   0.0079   0.0079
