# E  sum  T1  T2  T3 ...
-10.0000   0.0245   0.0082   0.0082   0.0082
 -9.9750   0.0248   0.0083   0.0083   0.0083
 -9.9499   0.0251   0.0084   0.0084   0.0084
 -9.9249   0.0254   0.0085   0.0085   0.0085
 -9.8999   0.0257   0.0086   0.0086   0.0086
 -9.8749   0.0260   0.0087   0.0087   0.0087
 -9.8498   0.0264   0.0088   0.0088   0.0088
 -9.8248   0.0267   0.0089   0.0089   0.0089
 -9.7998   0.0270   0.0090   0.0090   0.0090
 -9.7748   0.0273   0.0091   0.0091   0.0091
 -9.7497   0.0277   0.0092   0.0092   0.0092
 -9.7247   0.0280   0.0093   0.0093   0.0093
 -9.6997   0.0284   0.0095   0.0095   0.0095
 -9.6747   0.0288   0.0096   0.0096   0.0096
 -9.6496   0.0291   0.0097   0.0097   0.0097
 -9.6246   0.0295   0.0098   0.0098   0.0098
 -9.5996   0.0299   0.0100   0.0100   0.0100
 -9.5746   0.0303   0.0101   0.0101   0.0101
 -9.5495   0.0307   0.0102   0.0102   0.0102
 -9.5245   0.0311   0.0104   0.0104   0.0104
 -9.4995   0.0315   0.0105   0.0105   0.0105
 -9.4745   0.0320   0.0107   0.0107   0.0107
 -9.4494   0.0324   0.0108   0.0108   0.0108
 -9.4244   0.0329   0.0110   0.0110   0.0110
 -9.3994   0.0333   0.0111   0.0111   0.0111
 -9.3744   0.0338   0.0113   0.0113   0.0113
 -9.3493   0.0343   0.0114   0.0114   0.0114
 -9.3243   0.0347   0.0116   0.0116   0.0116
 -9.2993   0.0352   0.0117   0.0117   0.0117
 -9.2743   0.0357   0.0119   0.0119   0.0119
 -9.2492   0.0363   0.0121   0.0121   0.0121
 -9.2242   0.0368   0.0123   0.0123   0.0123
 -9.1992   0.0373   0.0124   0.0124   0.0124
 -9.1742   0.0379   0.0126   0.0126   0.0126
 -9.1491   0.0385   0.0128   0.0128   0.0128
 -9.1241   0.0390   0.0130   0.0130   0.0130
 -9.0991   0.0396   0.0132   0.0132   0.0132
 -9.0741   0.0403   0.0134   0.0134   0.0134
 -9.0490   0.0409   0.0136   0.0136   0.0136
 -9.0240   0.0415   0.0138   0.0138   0.0138
 -8.9990   0.0422   0.0141   0.0141   0.0141
 -8.9740   0.0428   0.0143   0.0143   0.0143
 -8.9489   0.0435   0.0145   0.0145   0.0145
 -8.9239   0.0442   0.0147   0.0147   0.0147
 -8.8989   0.0449   0.0150   0.0150   0.0150
 -8.8739   0.0457   0.0152   0.0152   0.0152
 -8.8488   0.0464   0.0155   0.0155   0.0155
 -8.8238   0.0472   0.0157   0.0157   0.0157
 -8.7988   0.0480   0.0160   0.0160   0.0160
 -8.7738   0.0488   0.0163   0.0163   0.0163
 -8.7487   0.0497   0.0166   0.0166   0.0166
 -8.7237   0.0505   0.0168   0.0168   0.0168
 -8.6987   0.0514   0.0171   0.0171   0.0171
 -8.6737   0.0523   0.0174   0.0174   0.0174
 -8.6486   0.0533   0.0178   0.0178   0.0178
 -8.6236   0.0542   0.0181   0.0181   0.0181
 -8.5986   0.0552   0.0184   0.0184   0.0184
 -8.5736   0.0562   0.0187   0.0187   0.0187
 -8.5485   0.0573   0.0191   0.0191   0.0191
 -8.5235   0.0583   0.0194   0.0194   0.0194
 -8.4985   0.0595   0.0198   0.0198   0.0198
 -8.4735   0.0606   0.0202   0.0202   0.0202
 -8.4484   0.0618   0.0206   0.0206   0.0206
 -8.4234   0.0630   0.0210   0.0210   0.0210
 -8.3984   0.0642   0.0214   0.0214   0.0214
 -8.3734   0.0655   0.0218   0.0218   0.0218
 -8.3483   0.0668   0.0223   0.0223   0.0223
 -8.3233   0.0682   0.0227   0.0227   0.0227
 -8.2983   0.0696   0.0232   0.0232   0.0232
 -8.2733   0.0710   0.0237   0.0237   0.0237
 -8.2482   0.0725   0.0242   0.0242   0.0242
 -8.2232   0.0741   0.0247   0.0247   0.0247
 -8.1982   0.0756   0.0252   0.0252   0.0252
 -8.1732   0.0773   0.0258   0.0258   0.0258
 -8.1481   0.0790   0.0263   0.0263   0.0263
 -8.1231   0.0808   0.0269   0.0269   0.0269
 -8.0981   0.0826   0.0275   0.0275   0.0275
 -8.0731   0.0845   0.0282   0.0282   0.0282
 -8.0480   0.0864   0.0288   0.0288   0.0288
 -8.0230   0.0884   0.0295   0.0295   0.0295
 -7.9980   0.0905   0.0302   0.0302   0.0302
 -7.9730   0.0927   0.0309   0.0309   0.0309
 -7.9479   0.0950   0.0317   0.0317   0.0317
 -7.9229   0.0973   0.0324   0.0324   0.0324
 -7.8979   0.0997   0.0332   0.0332   0.0332
 -7.8729   0.1022   0.0341   0.0341   0.0341
 -7.8478   0.1049   0.0350   0.0350   0.0350
 -7.8228   0.1076   0.0359   0.0359   0.0359
 -7.7978   0.1104   0.0368   0.0368   0.0368
 -7.7728   0.1134   0.0378   0.0378   0.0378
 -7.7477   0.1165   0.0388   0.0388   0.0388
 -7.7227   0.1197   0.0399   0.0399   0.0399
 -7.6977   0.1230   0.0410   0.0410   0.0410
 -7.6727   0.1265   0.0422   0.0422   0.0422
 -7.6476   0.1301   0.0434   0.0434   0.0434
 -7.6226   0.1339   0.0446   0.0446   0.0446
 -7.5976   0.1379   0.0460   0.0460   0.0460
 -7.5726   0.1420   0.0474   0.0474   0.0473
 -7.5475   0.1464   0.0488   0.0488   0.0488
 -7.5225   0.1510   0.0503   0.0503   0.0503
 -7.4975   0.1557   0.0519   0.0519   0.0519
 -7.4725   0.1608   0.0536   0.0536   0.0536
 -7.4474   0.1660   0.0553   0.0553   0.0553
 -7.4224   0.1716   0.0572   0.0572   0.0572
 -7.3974   0.1774   0.0591   0.0591   0.0591
 -7.3724   0.1835   0.0612   0.0612   0.0612
 -7.3473   0.1900   0.0633   0.0633   0.0633
 -7.3223   0.1968   0.0656   0.0656   0.0656
 -7.2973   0.2040   0.0680   0.0680   0.0680
 -7.2723   0.2116   0.0705   0.0705   0.0705
 -7.2472   0.2197   0.0732   0.0732   0.0732
 -7.2222   0.2282   0.0761   0.0761   0.0761
 -7.1972   0.2372   0.0791   0.0791   0.0791
 -7.1722   0.2469   0.0823   0.0823   0.0823
 -7.1471   0.2571   0.0857   0.0857   0.0857
 -7.1221   0.2679   0.0893   0.0893   0.0893
 -7.0971   0.2795   0.0932   0.0932   0.0932
 -7.0721   0.2919   0.0973   0.0973   0.0973
 -7.0470   0.3052   0.1017   0.1017   0.1017
 -7.0220   0.3193   0.1064   0.1064   0.1064
 -6.9970   0.3345   0.1115   0.1115   0.1115
 -6.9720   0.3509   0.1170   0.1170   0.1170
 -6.9469   0.3684   0.1228   0.1228   0.1228
 -6.9219   0.3874   0.1291   0.1291   0.1291
 -6.8969   0.4079   0.1360   0.1360   0.1360
 -6.8719   0.4300   0.1433   0.1433   0.1433
 -6.8468   0.4541   0.1514   0.1514   0.1514
 -6.8218   0.4802   0.1601   0.1601   0.1601
 -6.7968   0.5087   0.1696   0.1696   0.1696
 -6.7718   0.5399   0.1800   0.1800   0.1800
 -6.7467   0.5740   0.1913   0.1913   0.1913
 -6.7217   0.6115   0.2038   0.2038   0.2038
 -6.6967   0.6527   0.2176   0.2176   0.2176
 -6.6717   0.6984   0.2328   0.2328   0.2328
 -6.6466   0.7489   0.2496   0.2496   0.2497
 -6.6216   0.8051   0.2684   0.2684   0.2684
 -6.5966   0.8679   0.2893   0.2893   0.2893
 -6.5716   0.9382   0.3127   0.3127   0.3128
 -6.5465   1.0171   0.3390   0.3390   0.3391
 -6.5215   1.1063   0.3687   0.3687   0.3688
 -6.4965   1.2072   0.4024   0.4024   0.4025
 -6.4715   1.3219   0.4406   0.4406   0.4407
 -6.4464   1.4528   0.4842   0.4842   0.4844
 -6.4214   1.6027   0.5342   0.5342   0.5343
 -6.3964   1.7747   0.5915   0.5915   0.5917
 -6.3714   1.9725   0.6575   0.6575   0.6576
 -6.3463   2.2001   0.7333   0.7333   0.7334
 -6.3213   2.4615   0.8205   0.8205   0.8204
 -6.2963   2.7604   0.9203   0.9203   0.9198
 -6.2713   3.0990   1.0334   1.0334   1.0323
 -6.2462   3.4769   1.1596   1.1596   1.1576
 -6.2212   3.8884   1.2973   1.2973   1.2937
 -6.1962   4.3211   1.4423   1.4423   1.4365
 -6.1712   4.7536   1.5873   1.5873   1.5790
 -6.1461   5.1565   1.7224   1.7224   1.7117
 -6.1211   5.4979   1.8364   1.8364   1.8251
 -6.0961   5.7520   1.9203   1.9203   1.9115
 -6.0711   5.9090   1.9703   1.9703   1.9683
 -6.0460   5.9788   1.9899   1.9899   1.9990
 -6.0210   5.9874   1.9883   1.9883   2.0109
 -5.9960   5.9662   1.9768   1.9768   2.0127
 -5.9710   5.9410   1.9651   1.9651   2.0108
 -5.9459   5.9249   1.9588   1.9588   2.0073
 -5.9209   5.9173   1.9585   1.9585   2.0003
 -5.8959   5.9069   1.9608   1.9608   1.9853
 -5.8709   5.8771   1.9593   1.9593   1.9585
 -5.8458   5.8105   1.9464   1.9464   1.9177
 -5.8208   5.6916   1.9145   1.9145   1.8626
 -5.7958   5.5087   1.8576   1.8576   1.7936
 -5.7708   5.2570   1.7732   1.7732   1.7105
 -5.7457   4.9412   1.6639   1.6639   1.6135
 -5.7207   4.5768   1.5365   1.5365   1.5037
 -5.6957   4.1855   1.4003   1.4003   1.3848
 -5.6707   3.7900   1.2639   1.2639   1.2622
 -5.6456   3.4094   1.1340   1.1340   1.1413
 -5.6206   3.0562   1.0147   1.0147   1.0269
 -5.5956   2.7372   0.9076   0.9076   0.9219
 -5.5706   2.4543   0.8133   0.8133   0.8277
 -5.5455   2.2063   0.7309   0.7309   0.7445
 -5.5205   1.9905   0.6594   0.6594   0.6717
 -5.4955   1.8035   0.5975   0.5975   0.6084
 -5.4705   1.6417   0.5440   0.5440   0.5536
 -5.4454   1.5017   0.4978   0.4978   0.5062
 -5.4204   1.3807   0.4578   0.4578   0.4652
 -5.3954   1.2760   0.4231   0.4231   0.4298
 -5.3704   1.1855   0.3932   0.3932   0.3991
 -5.3453   1.1072   0.3673   0.3673   0.3727
 -5.3203   1.0398   0.3449   0.3449   0.3500
 -5.2953   0.9819   0.3257   0.3257   0.3306
 -5.2703   0.9325   0.3092   0.3092   0.3141
 -5.2452   0.8910   0.2954   0.2954   0.3002
 -5.2202   0.8566   0.2838   0.2838   0.2889
 -5.1952   0.8289   0.2745   0.2745   0.2799
 -5.1702   0.8077   0.2673   0.2673   0.2731
 -5.1451   0.7929   0.2622   0.2622   0.2685
 -5.1201   0.7845   0.2591   0.2591   0.2662
 -5.0951   0.7826   0.2582   0.2582   0.2662
 -5.0701   0.7874   0.2594   0.2594   0.2686
 -5.0450   0.7995   0.2630   0.2630   0.2735
 -5.0200   0.8191   0.2690   0.2690   0.2811
 -4.9950   0.8466   0.2776   0.2776   0.2914
 -4.9700   0.8822   0.2889   0.2889   0.3044
 -4.9449   0.9256   0.3029   0.3029   0.3197
 -4.9199   0.9756   0.3194   0.3194   0.3367
 -4.8949   1.0300   0.3379   0.3379   0.3542
 -4.8699   1.0852   0.3574   0.3574   0.3704
 -4.8448   1.1365   0.3767   0.3767   0.3830
 -4.8198   1.1787   0.3943   0.3943   0.3901
 -4.7948   1.2076   0.4086   0.4086   0.3903
 -4.7698   1.2204   0.4183   0.4183   0.3837
 -4.7447   1.2161   0.4222   0.4222   0.3717
 -4.7197   1.1953   0.4195   0.4195   0.3563
 -4.6947   1.1596   0.4099   0.4099   0.3399
 -4.6697   1.1120   0.3939   0.3939   0.3243
 -4.6446   1.0563   0.3729   0.3729   0.3105
 -4.6196   0.9969   0.3489   0.3489   0.2991
 -4.5946   0.9378   0.3239   0.3239   0.2900
 -4.5696   0.8816   0.2996   0.2996   0.2824
 -4.5445   0.8298   0.2771   0.2771   0.2757
 -4.5195   0.7829   0.2570   0.2570   0.2688
 -4.4945   0.7405   0.2397   0.2397   0.2611
 -4.4695   0.7026   0.2251   0.2251   0.2525
 -4.4444   0.6692   0.2130   0.2130   0.2432
 -4.4194   0.6405   0.2033   0.2033   0.2339
 -4.3944   0.6170   0.1959   0.1959   0.2251
 -4.3694   0.5988   0.1906   0.1906   0.2177
 -4.3443   0.5862   0.1872   0.1872   0.2119
 -4.3193   0.5794   0.1857   0.1857   0.2081
 -4.2943   0.5784   0.1860   0.1860   0.2064
 -4.2693   0.5836   0.1883   0.1883   0.2070
 -4.2442   0.5951   0.1925   0.1925   0.2100
 -4.2192   0.6134   0.1989   0.1989   0.2155
 -4.1942   0.6390   0.2076   0.2076   0.2238
 -4.1692   0.6727   0.2188   0.2188   0.2350
 -4.1441   0.7152   0.2329   0.2329   0.2494
 -4.1191   0.7676   0.2501   0.2501   0.2674
 -4.0941   0.8306   0.2708   0.2708   0.2891
 -4.0691   0.9049   0.2951   0.2951   0.3146
 -4.0440   0.9902   0.3232   0.3232   0.3439
 -4.0190   1.0852   0.3546   0.3546   0.3760
 -3.9940   1.1864   0.3883   0.3883   0.4097
 -3.9690   1.2875   0.4226   0.4226   0.4424
 -3.9439   1.3794   0.4545   0.4545   0.4705
 -3.9189   1.4509   0.4804   0.4804   0.4901
 -3.8939   1.4909   0.4965   0.4965   0.4978
 -3.8689   1.4922   0.5002   0.5002   0.4919
 -3.8438   1.4538   0.4904   0.4904   0.4730
 -3.8188   1.3813   0.4686   0.4686   0.4441
 -3.7938   1.2846   0.4378   0.4378   0.4091
 -3.7688   1.1752   0.4018   0.4018   0.3716
 -3.7437   1.0629   0.3642   0.3642   0.3345
 -3.7187   0.9546   0.3274   0.3274   0.2998
 -3.6937   0.8547   0.2932   0.2932   0.2683
 -3.6687   0.7650   0.2623   0.2623   0.2404
 -3.6436   0.6859   0.2350   0.2350   0.2159
 -3.6186   0.6168   0.2111   0.2111   0.1946
 -3.5936   0.5568   0.1903   0.1903   0.1762
 -3.5686   0.5048   0.1723   0.1723   0.1603
 -3.5435   0.4598   0.1567   0.1567   0.1465
 -3.5185   0.4208   0.1431   0.1431   0.1346
 -3.4935   0.3870   0.1314   0.1314   0.1242
 -3.4685   0.3574   0.1212   0.1212   0.1151
 -3.4434   0.3317   0.1122   0.1122   0.1072
 -3.4184   0.3091   0.1044   0.1044   0.1003
 -3.3934   0.2893   0.0975   0.0975   0.0943
 -3.3684   0.2718   0.0914   0.0914   0.0890
 -3.3433   0.2565   0.0861   0.0861   0.0843
 -3.3183   0.2430   0.0814   0.0814   0.0803
 -3.2933   0.2311   0.0772   0.0772   0.0767
 -3.2683   0.2207   0.0735   0.0735   0.0737
 -3.2432   0.2116   0.0702   0.0702   0.0711
 -3.2182   0.2037   0.0674   0.0674   0.0689
 -3.1932   0.1970   0.0649   0.0649   0.0671
 -3.1682   0.1913   0.0628   0.0628   0.0658
 -3.1431   0.1867   0.0609   0.0609   0.0648
 -3.1181   0.1832   0.0595   0.0595   0.0643
 -3.0931   0.1807   0.0583   0.0583   0.0641
 -3.0681   0.1793   0.0574   0.0574   0.0644
 -3.0430   0.1789   0.0569   0.0569   0.0652
 -3.0180   0.1797   0.0567   0.0567   0.0663
 -2.9930   0.1815   0.0569   0.0569   0.0678
 -2.9680   0.1844   0.0574   0.0574   0.0697
 -2.9429   0.1883   0.0583   0.0583   0.0717
 -2.9179   0.1930   0.0595   0.0595   0.0740
 -2.8929   0.1983   0.0611   0.0611   0.0762
 -2.8679   0.2037   0.0628   0.0628   0.0781
 -2.8428   0.2088   0.0646   0.0646   0.0796
 -2.8178   0.2128   0.0663   0.0663   0.0803
 -2.7928   0.2151   0.0676   0.0676   0.0799
 -2.7678   0.2153   0.0685   0.0685   0.0783
 -2.7427   0.2131   0.0688   0.0688   0.0754
 -2.7177   0.2088   0.0686   0.0686   0.0716
 -2.6927   0.2027   0.0677   0.0677   0.0672
 -2.6677   0.1950   0.0662   0.0662   0.0626
 -2.6426   0.1860   0.0640   0.0640   0.0580
 -2.6176   0.1761   0.0612   0.0612   0.0537
 -2.5926   0.1656   0.0579   0.0579   0.0498
 -2.5676   0.1549   0.0543   0.0543   0.0463
 -2.5425   0.1446   0.0507   0.0507   0.0431
 -2.5175   0.1349   0.0473   0.0473   0.0403
 -2.4925   0.1259   0.0440   0.0440   0.0379
 -2.4675   0.1179   0.0411   0.0411   0.0357
 -2.4424   0.1107   0.0384   0.0384   0.0338
 -2.4174   0.1042   0.0361   0.0361   0.0321
 -2.3924   0.0985   0.0340   0.0340   0.0306
 -2.3674   0.0934   0.0321   0.0321   0.0292
 -2.3423   0.0889   0.0305   0.0305   0.0280
 -2.3173   0.0849   0.0290   0.0290   0.0269
 -2.2923   0.0812   0.0277   0.0277   0.0258
 -2.2673   0.0780   0.0265   0.0265   0.0249
 -2.2422   0.0750   0.0255   0.0255   0.0241
 -2.2172   0.0723   0.0245   0.0245   0.0233
 -2.1922   0.0698   0.0236   0.0236   0.0226
 -2.1672   0.0676   0.0228   0.0228   0.0219
 -2.1421   0.0655   0.0221   0.0221   0.0213
 -2.1171   0.0636   0.0214   0.0214   0.0207
 -2.0921   0.0618   0.0208   0.0208   0.0202
 -2.0671   0.0601   0.0202   0.0202   0.0197
 -2.0420   0.0586   0.0197   0.0197   0.0192
 -2.0170   0.0571   0.0192   0.0192   0.0187
 -1.9920   0.0558   0.0187   0.0187   0.0183
 -1.9670   0.0545   0.0183   0.0183   0.0179
 -1.9419   0.0533   0.0179   0.0179   0.0176
 -1.9169   0.0522   0.0175   0.0175   0.0172
 -1.8919   0.0512   0.0171   0.0171   0.0169
 -1.8669   0.0502   0.0168   0.0168   0.0166
 -1.8418   0.0492   0.0165   0.0165   0.0163
 -1.8168   0.0483   0.0162   0.0162   0.0160
 -1.7918   0.0475   0.0159   0.0159   0.0157
 -1.7668   0.0467   0.0156   0.0156   0.0154
 -1.7417   0.0459   0.0153   0.0153   0.0152
 -1.7167   0.0452   0.0151   0.0151   0.0150
 -1.6917   0.0445   0.0149   0.0149   0.0148
 -1.6667   0.0439   0.0147   0.0147   0.0145
 -1.6416   0.0432   0.0144   0.0144   0.0144
 -1.6166   0.0427   0.0142   0.0142   0.0142
 -1.5916   0.0421   0.0141   0.0141   0.0140
 -1.5666   0.0416   0.0139   0.0139   0.0138
 -1.5415   0.0411   0.0137   0.0137   0.0137
 -1.5165   0.0406   0.0136   0.0136   0.0135
 -1.4915   0.0402   0.0134   0.0134   0.0134
 -1.4665   0.0398   0.0133   0.0133   0.0133
 -1.4414   0.0394   0.0132   0.0132   0.0131
 -1.4164   0.0391   0.0130   0.0130   0.0130
 -1.3914   0.0388   0.0129   0.0129   0.0129
 -1.3664   0.0385   0.0128   0.0128   0.0128
 -1.3413   0.0382   0.0127   0.0127   0.0127
 -1.3163   0.0380   0.0127   0.0127   0.0127
 -1.2913   0.0378   0.0126   0.0126   0.0126
 -1.2663   0.0376   0.0125   0.0125   0.0125
 -1.2412   0.0374   0.0125   0.0125   0.0125
 -1.2162   0.0373   0.0124   0.0124   0.0125
 -1.1912   0.0372   0.0124   0.0124   0.0124
 -1.1662   0.0371   0.0124   0.0124   0.0124
 -1.1411   0.0371   0.0123   0.0123   0.0124
 -1.1161   0.0371   0.0123   0.0123   0.0124
 -1.0911   0.0372   0.0124   0.0124   0.0125
 -1.0661   0.0373   0.0124   0.0124   0.0125
 -1.0410   0.0374   0.0124   0.0124   0.0126
 -1.0160   0.0376   0.0125   0.0125   0.0126
 -0.9910   0.0378   0.0125   0.0125   0.0127
 -0.9660   0.0381   0.0126   0.0126   0.0128
 -0.9409   0.0384   0.0127   0.0127   0.0129
 -0.9159   0.0388   0.0129   0.0129   0.0131
 -0.8909   0.0393   0.0130   0.0130   0.0133
 -0.8659   0.0398   0.0132   0.0132   0.0135
 -0.8408   0.0404   0.0134   0.0134   0.0137
 -0.8158   0.0412   0.0136   0.0136   0.0140
 -0.7908   0.0420   0.0139   0.0139   0.0143
 -0.7658   0.0429   0.0141   0.0141   0.0146
 -0.7407   0.0440   0.0145   0.0145   0.0150
 -0.7157   0.0452   0.0149   0.0149   0.0155
 -0.6907   0.0466   0.0153   0.0153   0.0160
 -0.6657   0.0481   0.0158   0.0158   0.0166
 -0.6406   0.0499   0.0163   0.0163   0.0173
 -0.6156   0.0519   0.0169   0.0169   0.0180
 -0.5906   0.0542   0.0177   0.0177   0.0189
 -0.5656   0.0569   0.0185   0.0185   0.0199
 -0.5405   0.0599   0.0194   0.0194   0.0211
 -0.5155   0.0633   0.0204   0.0204   0.0224
 -0.4905   0.0673   0.0217   0.0217   0.0240
 -0.4655   0.0718   0.0230   0.0230   0.0257
 -0.4404   0.0770   0.0246   0.0246   0.0278
 -0.4154   0.0830   0.0265   0.0265   0.0301
 -0.3904   0.0899   0.0286   0.0286   0.0326
 -0.3654   0.0978   0.0311   0.0311   0.0355
 -0.3403   0.1066   0.0340   0.0340   0.0386
 -0.3153   0.1166   0.0373   0.0373   0.0419
 -0.2903   0.1278   0.0412   0.0412   0.0453
 -0.2653   0.1401   0.0457   0.0457   0.0487
 -0.2402   0.1537   0.0508   0.0508   0.0521
 -0.2152   0.1687   0.0566   0.0566   0.0555
 -0.1902   0.1849   0.0629   0.0629   0.0590
 -0.1652   0.2022   0.0697   0.0697   0.0628
 -0.1401   0.2201   0.0765   0.0765   0.0671
 -0.1151   0.2374   0.0829   0.0829   0.0716
 -0.0901   0.2527   0.0882   0.0882   0.0763
 -0.0651   0.2644   0.0918   0.0918   0.0808
 -0.0400   0.2709   0.0933   0.0933   0.0843
 -0.0150   0.2713   0.0925   0.0925   0.0862
  0.0100   0.2651   0.0895   0.0895   0.0862
  0.0350   0.2532   0.0846   0.0846   0.0839
  0.0601   0.2368   0.0785   0.0785   0.0798
  0.0851   0.2178   0.0718   0.0718   0.0742
  0.1101   0.1977   0.0649   0.0649   0.0679
  0.1351   0.1781   0.0583   0.0583   0.0615
  0.1602   0.1597   0.0522   0.0522   0.0553
  0.1852   0.1431   0.0468   0.0468   0.0495
  0.2102   0.1283   0.0420   0.0420   0.0444
  0.2352   0.1153   0.0377   0.0377   0.0398
  0.2603   0.1041   0.0341   0.0341   0.0359
  0.2853   0.0943   0.0309   0.0309   0.0325
  0.3103   0.0858   0.0282   0.0282   0.0295
  0.3353   0.0785   0.0258   0.0258   0.0269
  0.3604   0.0722   0.0237   0.0237   0.0247
  0.3854   0.0666   0.0219   0.0219   0.0227
  0.4104   0.0618   0.0204   0.0204   0.0211
  0.4354   0.0575   0.0190   0.0190   0.0196
  0.4605   0.0538   0.0178   0.0178   0.0183
  0.4855   0.0505   0.0167   0.0167   0.0171
  0.5105   0.0476   0.0157   0.0157   0.0161
  0.5355   0.0449   0.0149   0.0149   0.0152
  0.5606   0.0426   0.0141   0.0141   0.0144
  0.5856   0.0405   0.0134   0.0134   0.0137
  0.6106   0.0386   0.0128   0.0128   0.0130
  0.6356   0.0369   0.0122   0.0122   0.0124
  0.6607   0.0354   0.0117   0.0117   0.0119
  0.6857   0.0340   0.0113   0.0113   0.0114
  0.7107   0.0328   0.0109   0.0109   0.0110
  0.7357   0.0316   0.0105   0.0105   0.0106
  0.7608   0.0306   0.0102   0.0102   0.0103
  0.7858   0.0296   0.0099   0.0099   0.0099
  0.8108   0.0288   0.0096   0.0096   0.0096
  0.8358   0.0280   0.0093   0.0093   0.0094
  0.8609   0.0273   0.0091   0.0091   0.0091
  0.8859   0.0267   0.0089   0.0089   0.0089
  0.9109   0.0261   0.0087   0.0087   0.0087
  0.9359   0.0256   0.0085   0.0085   0.0086
  0.9610   0.0252   0.0084   0.0084   0.0084
  0.9860   0.0248   0.0083   0.0083   0.0083
  1.0110   0.0245   0.0082   0.0082   0.0082
  1.0360   0.0242   0.0081   0.0081   0.0081
  1.0611   0.0240   0.0080   0.0080   0.0080
  1.0861   0.0239   0.0080   0.0080   0.0080
  1.1111   0.0239   0.0080   0.0080   0.0079
  1.1361   0.0239   0.0080   0.0080   0.0080
  1.1612   0.0241   0.0080   0.0080   0.0080
  1.1862   0.0243   0.0081   0.0081   0.0081
  1.2112   0.0247   0.0083   0.0083   0.0082
  1.2362   0.0252   0.0084   0.0084   0.0083
  1.2613   0.0258   0.0086   0.0086   0.0085
  1.2863   0.0266   0.0089   0.0089   0.0088
  1.3113   0.0275   0.0092   0.0092   0.0091
  1.3363   0.0285   0.0096   0.0096   0.0094
  1.3614   0.0296   0.0099   0.0099   0.0097
  1.3864   0.0307   0.0103   0.0103   0.0101
  1.4114   0.0315   0.0106   0.0106   0.0104
  1.4364   0.0321   0.0108   0.0108   0.0106
  1.4615   0.0323   0.0108   0.0108   0.0106
  1.4865   0.0319   0.0107   0.0107   0.0105
  1.5115   0.0311   0.0104   0.0104   0.0103
  1.5365   0.0299   0.0100   0.0100   0.0099
  1.5616   0.0284   0.0095   0.0095   0.0095
  1.5866   0.0269   0.0090   0.0090   0.0090
  1.6116   0.0254   0.0085   0.0085   0.0085
  1.6366   0.0240   0.0080   0.0080   0.0080
  1.6617   0.0226   0.0075   0.0075   0.0076
  1.6867   0.0215   0.0071   0.0071   0.0072
  1.7117   0.0204   0.0068   0.0068   0.0068
  1.7367   0.0195   0.0065   0.0065   0.0065
  1.7618   0.0187   0.0062   0.0062   0.0062
  1.7868   0.0180   0.0060   0.0060   0.0060
  1.8118   0.0173   0.0058   0.0058   0.0058
  1.8368   0.0167   0.0056   0.0056   0.0056
  1.8619   0.0162   0.0054   0.0054   0.0054
  1.8869   0.0158   0.0053   0.0053   0.0053
  1.9119   0.0154   0.0051   0.0051   0.0051
  1.9369   0.0150   0.0050   0.0050   0.0050
  1.9620   0.0147   0.0049   0.0049   0.0049
  1.9870   0.0144   0.0048   0.0048   0.0048
  2.0120   0.0141   0.0047   0.0047   0.0047
  2.0370   0.0138   0.0046   0.0046   0.0046
  2.0621   0.0136   0.0045   0.0045   0.0045
  2.0871   0.0133   0.0044   0.0044   0.0044
  2.1121   0.0131   0.0044   0.0044   0.0044
  2.1371   0.0129   0.0043   0.0043   0.0043
  2.1622   0.0127   0.0042   0.0042   0.0042
  2.1872   0.0125   0.0042   0.0042   0.0042
  2.2122   0.0124   0.0041   0.0041   0.0041
  2.2372   0.0122   0.0041   0.0041   0.0041
  2.2623   0.0121   0.0040   0.0040   0.0040
  2.2873   0.0119   0.0040   0.0040   0.0040
  2.3123   0.0118   0.0039   0.0039   0.0039
  2.3373   0.0117   0.0039   0.0039   0.0039
  2.3624   0.0115   0.0038   0.0038   0.0038
  2.3874   0.0114   0.0038   0.0038   0.0038
  2.4124   0.0113   0.0038   0.0038   0.0038
  2.4374   0.0112   0.0037   0.0037   0.0037
  2.4625   0.0111   0.0037   0.0037   0.0037
  2.4875   0.0110   0.0037   0.0037   0.0037
  2.5125   0.0109   0.0036   0.0036   0.0036
  2.5375   0.0108   0.0036   0.0036   0.0036
  2.5626   0.0107   0.0036   0.0036   0.0036
  2.5876   0.0106   0.0035   0.0035   0.0035
  2.6126   0.0105   0.0035   0.0035   0.0035
  2.6376   0.0104   0.0035   0.0035   0.0035
  2.6627   0.0103   0.0034   0.0034   0.0034
  2.6877   0.0103   0.0034   0.0034   0.0034
  2.7127   0.0102   0.0034   0.0034   0.0034
  2.7377   0.0101   0.0034   0.0034   0.0034
  2.7628   0.0100   0.0033   0.0033   0.0033
  2.7878   0.0100   0.0033   0.0033   0.0033
  2.8128   0.0099   0.0033   0.0033   0.0033
  2.8378   0.0098   0.0033   0.0033   0.0033
  2.8629   0.0097   0.0032   0.0032   0.0032
  2.8879   0.0097   0.0032   0.0032   0.0032
  2.9129   0.0096   0.0032   0.0032   0.0032
  2.9379   0.0096   0.0032   0.0032   0.0032
  2.9630   0.0095   0.0032   0.0032   0.0032
  2.9880   0.0094   0.0031   0.0031   0.0031
  3.0130   0.0094   0.0031   0.0031   0.0031
  3.0380   0.0093   0.0031   0.0031   0.0031
  3.0631   0.0093   0.0031   0.0031   0.0031
  3.0881   0.0092   0.0031   0.0031   0.0031
  3.1131   0.0092   0.0031   0.0031   0.0031
  3.1381   0.0091   0.0030   0.0030   0.0030
  3.1632   0.0091   0.0030   0.0030   0.0030
  3.1882   0.0090   0.0030   0.0030   0.0030
  3.2132   0.0090   0.0030   0.0030   0.0030
  3.2382   0.0089   0.0030   0.0030   0.0030
  3.2633   0.0089   0.0030   0.0030   0.0030
  3.2883   0.0088   0.0029   0.0029   0.0029
  3.3133   0.0088   0.0029   0.0029   0.0029
  3.3383   0.0087   0.0029   0.0029   0.0029
  3.3634   0.0087   0.0029   0.0029   0.0029
  3.3884   0.0086   0.0029   0.0029   0.0029
  3.4134   0.0086   0.0029   0.0029   0.0029
  3.4384   0.0086   0.0029   0.0029   0.0029
  3.4635   0.0085   0.0028   0.0028   0.0028
  3.4885   0.0085   0.0028   0.0028   0.0028
  3.5135   0.0085   0.0028   0.0028   0.0028
  3.5385   0.0084   0.0028   0.0028   0.0028
  3.5636   0.0084   0.0028   0.0028   0.0028
  3.5886   0.0083   0.0028   0.0028   0.0028
  3.6136   0.0083   0.0028   0.0028   0.0028
  3.6386   0.0083   0.0028   0.0028   0.0028
  3.6637   0.0082   0.0027   0.0027   0.0027
  3.6887   0.0082   0.0027   0.0027   0.0027
  3.7137   0.0082   0.0027   0.0027   0.0027
  3.7387   0.0081   0.0027   0.0027   0.0027
  3.7638   0.0081   0.0027   0.0027   0.0027
  3.7888   0.0081   0.0027   0.0027   0.0027
  3.8138   0.0081   0.0027   0.0027   0.0027
  3.8388   0.0080   0.0027   0.0027   0.0027
  3.8639   0.0080   0.0027   0.0027   0.0027
  3.8889   0.0080   0.0027   0.0027   0.0027
  3.9139   0.0079   0.0026   0.0026   0.0026
  3.9389   0.0079   0.0026   0.0026   0.0026
  3.9640   0.0079   0.0026   0.0026   0.0026
  3.9890   0.0079   0.0026   0.0026   0.0026
  4.0140   0.0078   0.0026   0.0026   0.0026
  4.0390   0.0078   0.0026   0.0026   0.0026
  4.0641   0.0078   0.0026   0.0026   0.0026
  4.0891   0.0078   0.0026   0.0026   0.0026
  4.1141   0.0077   0.0026   0.0026   0.0026
  4.1391   0.0077   0.0026   0.0026   0.0026
  4.1642   0.0077   0.0026   0.0026   0.0026
  4.1892   0.0077   0.0026   0.0026   0.0026
  4.2142   0.0077   0.0026   0.0026   0.0026
  4.2392   0.0076   0.0025   0.0025   0.0025
  4.2643   0.0076   0.0025   0.0025   0.0025
  4.2893   0.0076   0.0025   0.0025   0.0025
  4.3143   0.0076   0.0025   0.0025   0.0025
  4.3393   0.0076   0.0025   0.0025   0.0025
  4.3644   0.0075   0.0025   0.0025   0.0025
  4.3894   0.0075   0.0025   0.0025   0.0025
  4.4144   0.0075   0.0025   0.0025   0.0025
  4.4394   0.0075   0.0025   0.0025   0.0025
  4.4645   0.0075   0.0025   0.0025   0.0025
  4.4895   0.0075   0.0025   0.0025   0.0025
  4.5145   0.0075   0.0025   0.0025   0.0025
  4.5395   0.0074   0.0025   0.0025   0.0025
  4.5646   0.0074   0.0025   0.0025   0.0025
  4.5896   0.0074   0.0025   0.0025   0.0025
  4.6146   0.0074   0.0025   0.0025   0.0025
  4.6396   0.0074   0.0025   0.0025   0.0025
  4.6647   0.0074   0.0025   0.0025   0.0025
  4.6897   0.0074   0.0025   0.0025   0.0025
  4.7147   0.0074   0.0025   0.0025   0.0025
  4.7397   0.0073   0.0024   0.0024   0.0024
  4.7648   0.0073   0.0024   0.0024   0.0024
  4.7898   0.0073   0.0024   0.0024   0.0024
  4.8148   0.0073   0.0024   0.0024   0.0024
  4.8398   0.0073   0.0024   0.0024   0.0024
  4.8649   0.0073   0.0024   0.0024   0.0024
  4.8899   0.0073   0.0024   0.0024   0.0024
  4.9149   0.0073   0.0024   0.0024   0.0024
  4.9399   0.0073   0.0024   0.0024   0.0024
  4.9650   0.0073   0.0024   0.0024   0.0024
  4.9900   0.0073   0.0024   0.0024   0.0024
  5.0150   0.0072   0.0024   0.0024   0.0024
  5.0400   0.0072   0.0024   0.0024   0.0024
  5.0651   0.0072   0.0024   0.0024   0.0024
  5.0901   0.0072   0.0024   0.0024   0.0024
  5.1151   0.0072   0.0024   0.0024   0.0024
  5.1401   0.0072   0.0024   0.0024   0.0024
  5.1652   0.0072   0.0024   0.0024   0.0024
  5.1902   0.0072   0.0024   0.0024   0.0024
  5.2152   0.0072   0.0024   0.0024   0.0024
  5.2402   0.0072   0.0024   0.0024   0.0024
  5.2653   0.0072   0.0024   0.0024   0.0024
  5.2903   0.0072   0.0024   0.0024   0.0024
  5.3153   0.0072   0.0024   0.0024   0.0024
  5.3403   0.0072   0.0024   0.0024   0.0024
  5.3654   0.0072   0.0024   0.0024   0.0024
  5.3904   0.0072   0.0024   0.0024   0.0024
  5.4154   0.0072   0.0024   0.0024   0.0024
  5.4404   0.0072   0.0024   0.0024   0.0024
  5.4655   0.0072   0.0024   0.0024   0.0024
  5.4905   0.0072   0.0024   0.0024   0.0024
  5.5155   0.0072   0.0024   0.0024   0.0024
  5.5405   0.0072   0.0024   0.0024   0.0024
  5.5656   0.0072   0.0024   0.0024   0.0024
  5.5906   0.0072   0.0024   0.0024   0.0024
  5.6156   0.0072   0.0024   0.0024   0.0024
  5.6406   0.0072   0.0024   0.0024   0.0024
  5.6657   0.0072   0.0024   0.0024   0.0024
  5.6907   0.0072   0.0024   0.0024   0.0024
  5.7157   0.0072   0.0024   0.0024   0.0024
  5.7407   0.0073   0.0024   0.0024   0.0024
  5.7658   0.0073   0.0024   0.0024   0.0024
  5.7908   0.0073   0.0024   0.0024   0.0024
  5.8158   0.0073   0.0024   0.0024   0.0024
  5.8408   0.0073   0.0024   0.0024   0.0024
  5.8659   0.0073   0.0024   0.0024   0.0024
  5.8909   0.0073   0.0024   0.0024   0.0024
  5.9159   0.0073   0.0024   0.0024   0.0024
  5.9409   0.0073   0.0024   0.0024   0.0024
  5.9660   0.0073   0.0024   0.0024   0.0024
  5.9910   0.0073   0.0024   0.0024   0.0024
  6.0160   0.0074   0.0025   0.0025   0.0025
  6.0410   0.0074   0.0025   0.0025   0.0025
  6.0661   0.0074   0.0025   0.0025   0.0025
  6.0911   0.0074   0.0025   0.0025   0.0025
  6.1161   0.0074   0.0025   0.0025   0.0025
  6.1411   0.0074   0.0025   0.0025   0.0025
  6.1662   0.0074   0.0025   0.0025   0.0025
  6.1912   0.0074   0.0025   0.0025   0.0025
  6.2162   0.0075   0.0025   0.0025   0.0025
  6.2412   0.0075   0.0025   0.0025   0.0025
  6.2663   0.0075   0.0025   0.0025   0.0025
  6.2913   0.0075   0.0025   0.0025   0.0025
  6.3163   0.0075   0.0025   0.0025   0.0025
  6.3413   0.0076   0.0025   0.0025   0.0025
  6.3664   0.0076   0.0025   0.0025   0.0025
  6.3914   0.0076   0.0025   0.0025   0.0025
  6.4164   0.0076   0.0025   0.0025   0.0025
  6.4414   0.0076   0.0025   0.0025   0.0025
  6.4665   0.0077   0.0026   0.0026   0.0026
  6.4915   0.0077   0.0026   0.0026   0.0026
  6.5165   0.0077   0.0026   0.0026   0.0026
  6.5415   0.0077   0.0026   0.0026   0.0026
  6.5666   0.0077   0.0026   0.0026   0.0026
  6.5916   0.0078   0.0026   0.0026   0.0026
  6.6166   0.0078   0.0026   0.0026   0.0026
  6.6416   0.0078   0.0026   0.0026   0.0026
  6.6667   0.0078   0.0026   0.0026   0.0026
  6.6917   0.0079   0.0026   0.0026   0.0026
  6.7167   0.0079   0.0026   0.0026   0.0026
  6.7417   0.0079   0.0026   0.0026   0.0026
  6.7668   0.0080   0.0027   0.0027   0.0027
  6.7918   0.0080   0.0027   0.0027   0.0027
  6.8168   0.0080   0.0027   0.0027   0.0027
  6.8418   0.0081   0.0027   0.0027   0.0027
  6.8669   0.0081   0.0027   0.0027   0.0027
  6.8919   0.0081   0.0027   0.0027   0.0027
  6.9169   0.0082   0.0027   0.0027   0.0027
  6.9419   0.0082   0.0027   0.0027   0.0027
  6.9670   0.0082   0.0027   0.0027   0.0027
  6.9920   0.0083   0.0028   0.0028   0.0028
  7.0170   0.0083   0.0028   0.0028   0.0028
  7.0420   0.0083   0.0028   0.0028   0.0028
  7.0671   0.0084   0.0028   0.0028   0.0028
  7.0921   0.0084   0.0028   0.0028   0.0028
  7.1171   0.0085   0.0028   0.0028   0.0028
  7.1421   0.0085   0.0028   0.0028   0.0028
  7.1672   0.0085   0.0028   0.0028   0.0028
  7.1922   0.0086   0.0029   0.0029   0.0029
  7.2172   0.0086   0.0029   0.0029   0.0029
  7.2422   0.0087   0.0029   0.0029   0.0029
  7.2673   0.0087   0.0029   0.0029   0.0029
  7.2923   0.0088   0.0029   0.0029   0.0029
  7.3173   0.0088   0.0029   0.0029   0.0029
  7.3423   0.0089   0.0030   0.0030   0.0030
  7.3674   0.0089   0.0030   0.0030   0.0030
  7.3924   0.0090   0.0030   0.0030   0.0030
  7.4174   0.0090   0.0030   0.0030   0.0030
  7.4424   0.0091   0.0030   0.0030   0.0030
  7.4675   0.0091   0.0030   0.0030   0.0030
  7.4925   0.0092   0.0031   0.0031   0.0031
  7.5175   0.0092   0.0031   0.0031   0.0031
  7.5425   0.0093   0.0031   0.0031   0.0031
  7.5676   0.0094   0.0031   0.0031   0.0031
  7.5926   0.0094   0.0031   0.0031   0.0031
  7.6176   0.0095   0.0032   0.0032   0.0032
  7.6426   0.0096   0.0032   0.0032   0.0032
  7.6677   0.0096   0.0032   0.0032   0.0032
  7.6927   0.0097   0.0032   0.0032   0.0032
  7.7177   0.0098   0.0033   0.0033   0.0033
  7.7427   0.0098   0.0033   0.0033   0.0033
  7.7678   0.0099   0.0033   0.0033   0.0033
  7.7928   0.0100   0.0033   0.0033   0.0033
  7.8178   0.0100   0.0033   0.0033   0.0033
  7.8428   0.0101   0.0034   0.0034   0.0034
  7.8679   0.0102   0.0034   0.0034   0.0034
  7.8929   0.0103   0.0034   0.0034   0.0034
  7.9179   0.0104   0.0035   0.0035   0.0035
  7.9429   0.0104   0.0035   0.0035   0.0035
  7.9680   0.0105   0.0035   0.0035   0.0035
  7.9930   0.0106   0.0035   0.0035   0.0035
  8.0180   0.0107   0.0036   0.0036   0.0036
  8.0430   0.0108   0.0036   0.0036   0.0036
  8.0681   0.0109   0.0036   0.0036   0.0036
  8.0931   0.0110   0.0037   0.0037   0.0037
  8.1181   0.0111   0.0037   0.0037   0.0037
  8.1431   0.0112   0.0037   0.0037   0.0037
  8.1682   0.0113   0.0038   0.0038   0.0038
  8.1932   0.0114   0.0038   0.0038   0.0038
  8.2182   0.0115   0.0038   0.0038   0.0038
  8.2432   0.0116   0.0039   0.0039   0.0039
  8.2683   0.0117   0.0039   0.0039   0.0039
  8.2933   0.0118   0.0039   0.0039   0.0039
  8.3183   0.0119   0.0040   0.0040   0.0040
  8.3433   0.0121   0.0040   0.0040   0.0040
  8.3684   0.0122   0.0041   0.0041   0.0041
  8.3934   0.0123   0.0041   0.0041   0.0041
  8.4184   0.0124   0.0041   0.0041   0.0041
  8.4434   0.0126   0.0042   0.0042   0.0042
  8.4685   0.0127   0.0042   0.0042   0.0042
  8.4935   0.0128   0.0043   0.0043   0.0043
  8.5185   0.0130   0.0043   0.0043   0.0043
  8.5435   0.0131   0.0044   0.0044   0.0044
  8.5686   0.0133   0.0044   0.0044   0.0044
  8.5936   0.0134   0.0045   0.0045   0.0045
  8.6186   0.0136   0.0045   0.0045   0.0045
  8.6436   0.0137   0.0046   0.0046   0.0046
  8.6687   0.0139   0.0046   0.0046   0.0046
  8.6937   0.0140   0.0047   0.0047   0.0047
  8.7187   0.0142   0.0047   0.0047   0.0047
  8.7437   0.0144   0.0048   0.0048   0.0048
  8.7688   0.0146   0.0049   0.0049   0.0049
  8.7938   0.0147   0.0049   0.0049   0.0049
  8.8188   0.0149   0.0050   0.0050   0.0050
  8.8438   0.0151   0.0050   0.0050   0.0050
  8.8689   0.0153   0.0051   0.0051   0.0051
  8.8939   0.0155   0.0052   0.0052   0.0052
  8.9189   0.0157   0.0052   0.0052   0.0052
  8.9439   0.0160   0.0053   0.0053   0.0053
  8.9690   0.0162   0.0054   0.0054   0.0054
  8.9940   0.0164   0.0055   0.0055   0.0055
  9.0190   0.0166   0.0055   0.0055   0.0055
  9.0440   0.0169   0.0056   0.0056   0.0056
  9.0691   0.0171   0.0057   0.0057   0.0057
  9.0941   0.0174   0.0058   0.0058   0.0058
  9.1191   0.0176   0.0059   0.0059   0.0059
  9.1441   0.0179   0.0060   0.0060   0.0060
  9.1692   0.0182   0.0061   0.0061   0.0061
  9.1942   0.0184   0.0061   0.0061   0.0061
  9.2192   0.0187   0.0062   0.0062   0.0062
  9.2442   0.0190   0.0063   0.0063   0.0063
  9.2693   0.0193   0.0064   0.0064   0.0064
  9.2943   0.0197   0.0066   0.0066   0.0066
  9.3193   0.0200   0.0067   0.0067   0.0067
  9.3443   0.0203   0.0068   0.0068   0.0068
  9.3694   0.0207   0.0069   0.0069   0.0069
  9.3944   0.0210   0.0070   0.0070   0.0070
  9.4194   0.0214   0.0071   0.0071   0.0071
  9.4444   0.0218   0.0073   0.0073   0.0073
  9.4695   0.0222   0.0074   0.0074   0.0074
  9.4945   0.0226   0.0075   0.0075   0.0075
  9.5195   0.0230   0.0077   0.0077   0.0077
  9.5445   0.0234   0.0078   0.0078   0.0078
  9.5696   0.0239   0.0080   0.0080   0.0080
  9.5946   0.0244   0.0081   0.0081   0.0081
  9.6196   0.0248   0.0083   0.0083   0.0083
  9.6446   0.0253   0.0084   0.0084   0.0084
  9.6697   0.0259   0.0086   0.0086   0.0086
  9.6947   0.0264   0.0088   0.0088   0.0088
  9.7197   0.0270   0.0090   0.0090   0.0090
  9.7447   0.0275   0.0092   0.0092   0.0092
  9.7698   0.0281   0.0094   0.0094   0.0094
  9.7948   0.0288   0.0096   0.0096   0.0096
  9.8198   0.0294   0.0098   0.0098   0.0098
  9.8448   0.0301   0.0100   0.0100   0.0100
  9.8699   0.0308   0.0103   0.0103   0.0103
  9.8949   0.0315   0.0105   0.0105   0.0105
  9.9199   0.0323   0.0108   0.0108   0.0108
  9.9449   0.0330   0.0110   0.0110   0.0110
  9.9700   0.0339   0.0113   0.0113   0.0113
  9.9950   0.0347   0.0116   0.0116   0.0116
 10.0200   0.0356   0.0119   0.0119   0.0119
 10.0450   0.0365   0.0122   0.0122   0.0122
 10.0701   0.0375   0.0125   0.0125   0.0125
 10.0951   0.0385   0.0128   0.0128   0.0128
 10.1201   0.0396   0.0132   0.0132   0.0132
 10.1451   0.0407   0.0136   0.0136   0.0136
 10.1702   0.0419   0.0140   0.0140   0.0140
 10.1952   0.0431   0.0144   0.0144   0.0144
 10.2202   0.0444   0.0148   0.0148   0.0148
 10.2452   0.0458   0.0153   0.0153   0.0153
 10.2703   0.0472   0.0157   0.0157   0.0157
 10.2953   0.0487   0.0162   0.0162   0.0162
 10.3203   0.0503   0.0168   0.0168   0.0168
 10.3453   0.0520   0.0173   0.0173   0.0173
 10.3704   0.0538   0.0179   0.0179   0.0179
 10.3954   0.0556   0.0185   0.0185   0.0185
 10.4204   0.0576   0.0192   0.0192   0.0192
 10.4454   0.0597   0.0199   0.0199   0.0199
 10.4705   0.0620   0.0207   0.0207   0.0207
 10.4955   0.0643   0.0214   0.0214   0.0214
 10.5205   0.0668   0.0223   0.0223   0.0223
 10.5455   0.0695   0.0232   0.0232   0.0232
 10.5706   0.0724   0.0241   0.0241   0.0241
 10.5956   0.0755   0.0252   0.0252   0.0252
 10.6206   0.0788   0.0263   0.0263   0.0263
 10.6456   0.0823   0.0274   0.0274   0.0274
 10.6707   0.0861   0.0287   0.0287   0.0287
 10.6957   0.0902   0.0301   0.0301   0.0301
 10.7207   0.0946   0.0315   0.0315   0.0315
 10.7457   0.0993   0.0331   0.0331   0.0331
 10.7708   0.1045   0.0348   0.0348   0.0348
 10.7958   0.1101   0.0367   0.0367   0.0367
 10.8208   0.1162   0.0387   0.0387   0.0387
 10.8458   0.1228   0.0409   0.0409   0.0409
 10.8709   0.1301   0.0434   0.0434   0.0434
 10.8959   0.1381   0.0460   0.0460   0.0460
 10.9209   0.1469   0.0489   0.0489   0.0490
 10.9459   0.1566   0.0522   0.0522   0.0522
 10.9710   0.1673   0.0558   0.0558   0.0558
 10.9960   0.1792   0.0597   0.0597   0.0598
 11.0210   0.1925   0.0642   0.0642   0.0642
 11.0460   0.2074   0.0691   0.0691   0.0692
 11.0711   0.2241   0.0747   0.0747   0.0747
 11.0961   0.2429   0.0809   0.0809   0.0810
 11.1211   0.2642   0.0880   0.0880   0.0882
 11.1461   0.2884   0.0961   0.0961   0.0962
 11.1712   0.3161   0.1053   0.1053   0.1055
 11.1962   0.3477   0.1158   0.1158   0.1160
 11.2212   0.3840   0.1279   0.1279   0.1282
 11.2462   0.4259   0.1419   0.1419   0.1422
 11.2713   0.4743   0.1580   0.1580   0.1583
 11.2963   0.5302   0.1766   0.1766   0.1770
 11.3213   0.5947   0.1981   0.1981   0.1985
 11.3463   0.6689   0.2228   0.2228   0.2233
 11.3714   0.7534   0.2510   0.2510   0.2514
 11.3964   0.8483   0.2827   0.2827   0.2829
 11.4214   0.9525   0.3176   0.3176   0.3173
 11.4464   1.0626   0.3545   0.3545   0.3536
 11.4715   1.1729   0.3916   0.3916   0.3897
 11.4965   1.2745   0.4258   0.4258   0.4228
 11.5215   1.3565   0.4536   0.4536   0.4494
 11.5465   1.4084   0.4711   0.4711   0.4662
 11.5716   1.4225   0.4758   0.4758   0.4710
 11.5966   1.3974   0.4670   0.4670   0.4633
 11.6216   1.3375   0.4465   0.4465   0.4445
 11.6466   1.2521   0.4174   0.4174   0.4172
 11.6717   1.1518   0.3835   0.3835   0.3848
 11.6967   1.0465   0.3480   0.3480   0.3504
 11.7217   0.9437   0.3136   0.3136   0.3165
 11.7467   0.8481   0.2817   0.2817   0.2847
 11.7718   0.7623   0.2531   0.2531   0.2561
 11.7968   0.6870   0.2281   0.2281   0.2308
 11.8218   0.6220   0.2065   0.2065   0.2089
 11.8468   0.5665   0.1881   0.1881   0.1902
 11.8719   0.5196   0.1726   0.1726   0.1744
 11.8969   0.4801   0.1595   0.1595   0.1611
 11.9219   0.4472   0.1486   0.1486   0.1500
 11.9469   0.4200   0.1396   0.1396   0.1408
 11.9720   0.3978   0.1323   0.1323   0.1332
 11.9970   0.3800   0.1264   0.1264   0.1272
 12.0220   0.3661   0.1218   0.1218   0.1225
 12.0470   0.3558   0.1184   0.1184   0.1190
 12.0721   0.3487   0.1161   0.1161   0.1165
 12.0971   0.3446   0.1147   0.1147   0.1151
 12.1221   0.3434   0.1144   0.1144   0.1147
 12.1471   0.3451   0.1149   0.1149   0.1152
 12.1722   0.3496   0.1164   0.1164   0.1167
 12.1972   0.3569   0.1189   0.1189   0.1191
 12.2222   0.3674   0.1224   0.1224   0.1225
 12.2472   0.3810   0.1270   0.1270   0.1271
 12.2723   0.3982   0.1327   0.1327   0.1328
 12.2973   0.4193   0.1398   0.1398   0.1397
 12.3223   0.4447   0.1482   0.1482   0.1482
 12.3473   0.4751   0.1584   0.1584   0.1583
 12.3724   0.5112   0.1704   0.1704   0.1703
 12.3974   0.5538   0.1847   0.1847   0.1845
 12.4224   0.6041   0.2014   0.2014   0.2012
 12.4474   0.6633   0.2212   0.2212   0.2209
 12.4725   0.7327   0.2443   0.2443   0.2440
 12.4975   0.8139   0.2714   0.2714   0.2710
 12.5225   0.9085   0.3030   0.3030   0.3025
 12.5475   1.0179   0.3395   0.3395   0.3389
 12.5726   1.1429   0.3813   0.3813   0.3804
 12.5976   1.2830   0.4281   0.4281   0.4268
 12.6226   1.4355   0.4791   0.4791   0.4772
 12.6476   1.5943   0.5323   0.5323   0.5296
 12.6727   1.7489   0.5842   0.5842   0.5805
 12.6977   1.8845   0.6298   0.6298   0.6249
 12.7227   1.9840   0.6633   0.6633   0.6574
 12.7477   2.0318   0.6794   0.6794   0.6731
 12.7728   2.0200   0.6752   0.6752   0.6696
 12.7978   1.9503   0.6515   0.6515   0.6474
 12.8228   1.8342   0.6120   0.6120   0.6101
 12.8478   1.6880   0.5625   0.5625   0.5629
 12.8729   1.5283   0.5087   0.5087   0.5109
 12.8979   1.3682   0.4549   0.4549   0.4584
 12.9229   1.2165   0.4042   0.4042   0.4082
 12.9479   1.0782   0.3580   0.3580   0.3622
 12.9730   0.9550   0.3170   0.3170   0.3210
 12.9980   0.8469   0.2811   0.2811   0.2847
 13.0230   0.7530   0.2499   0.2499   0.2532
 13.0480   0.6718   0.2230   0.2230   0.2258
 13.0731   0.6017   0.1998   0.1998   0.2022
 13.0981   0.5411   0.1797   0.1797   0.1818
 13.1231   0.4887   0.1623   0.1623   0.1641
 13.1481   0.4433   0.1473   0.1473   0.1488
 13.1732   0.4038   0.1342   0.1342   0.1355
 13.1982   0.3693   0.1227   0.1227   0.1238
 13.2232   0.3391   0.1127   0.1127   0.1137
 13.2482   0.3126   0.1039   0.1039   0.1047
 13.2733   0.2893   0.0962   0.0962   0.0969
 13.2983   0.2688   0.0894   0.0894   0.0900
 13.3233   0.2506   0.0834   0.0834   0.0839
 13.3483   0.2345   0.0780   0.0780   0.0784
 13.3734   0.2203   0.0733   0.0733   0.0737
 13.3984   0.2077   0.0691   0.0691   0.0694
 13.4234   0.1966   0.0655   0.0655   0.0657
 13.4484   0.1869   0.0622   0.0622   0.0624
 13.4735   0.1784   0.0594   0.0594   0.0595
 13.4985   0.1711   0.0570   0.0570   0.0571
 13.5235   0.1649   0.0550   0.0550   0.0549
 13.5485   0.1597   0.0533   0.0533   0.0532
 13.5736   0.1556   0.0519   0.0519   0.0517
 13.5986   0.1525   0.0509   0.0509   0.0506
 13.6236   0.1503   0.0503   0.0503   0.0497
 13.6486   0.1491   0.0500   0.0500   0.0491
 13.6737   0.1487   0.0500   0.0500   0.0488
 13.6987   0.1491   0.0502   0.0502   0.0486
 13.7237   0.1500   0.0506   0.0506   0.0487
 13.7487   0.1510   0.0510   0.0510   0.0489
 13.7738   0.1517   0.0513   0.0513   0.0491
 13.7988   0.1515   0.0511   0.0511   0.0492
 13.8238   0.1499   0.0505   0.0505   0.0489
 13.8488   0.1465   0.0492   0.0492   0.0482
 13.8739   0.1415   0.0473   0.0473   0.0468
 13.8989   0.1349   0.0450   0.0450   0.0450
 13.9239   0.1274   0.0424   0.0424   0.0427
 13.9489   0.1195   0.0397   0.0397   0.0402
 13.9740   0.1115   0.0370   0.0370   0.0376
 13.9990   0.1040   0.0345   0.0345   0.0350
 14.0240   0.0970   0.0321   0.0321   0.0327
 14.0490   0.0906   0.0300   0.0300   0.0305
 14.0741   0.0848   0.0281   0.0281   0.0286
 14.0991   0.0796   0.0264   0.0264   0.0268
 14.1241   0.0750   0.0249   0.0249   0.0252
 14.1491   0.0709   0.0235   0.0235   0.0238
 14.1742   0.0671   0.0223   0.0223   0.0225
 14.1992   0.0638   0.0212   0.0212   0.0214
 14.2242   0.0608   0.0202   0.0202   0.0204
 14.2492   0.0580   0.0193   0.0193   0.0194
 14.2743   0.0555   0.0185   0.0185   0.0186
 14.2993   0.0532   0.0177   0.0177   0.0178
 14.3243   0.0511   0.0170   0.0170   0.0171
 14.3493   0.0491   0.0164   0.0164   0.0164
 14.3744   0.0473   0.0158   0.0158   0.0158
 14.3994   0.0456   0.0152   0.0152   0.0153
 14.4244   0.0441   0.0147   0.0147   0.0147
 14.4494   0.0426   0.0142   0.0142   0.0142
 14.4745   0.0412   0.0137   0.0137   0.0138
 14.4995   0.0400   0.0133   0.0133   0.0133
 14.5245   0.0387   0.0129   0.0129   0.0129
 14.5495   0.0376   0.0125   0.0125   0.0125
 14.5746   0.0365   0.0122   0.0122   0.0122
 14.5996   0.0355   0.0118   0.0118   0.0118
 14.6246   0.0345   0.0115   0.0115   0.0115
 14.6496   0.0336   0.0112   0.0112   0.0112
 14.6747   0.0327   0.0109   0.0109   0.0109
 14.6997   0.0319   0.0106   0.0106   0.0106
 14.7247   0.0311   0.0104   0.0104   0.0104
 14.7497   0.0303   0.0101   0.0101   0.0101
 14.7748   0.0296   0.0099   0.0099   0.0099
 14.7998   0.0289   0.0096   0.0096   0.0096
 14.8248   0.0282   0.0094   0.0094   0.0094
 14.8498   0.0276   0.0092   0.0092   0.0092
 14.8749   0.0270   0.0090   0.0090   0.0090
 14.8999   0.0264   0.0088   0.0088   0.0088
 14.9249   0.0258   0.0086   0.0086   0.0086
 14.9499   0.0253   0.0084   0.0084   0.0084
 14.9750   0.0248   0.0083   0.0083   0.0083
 15.0000   0.0243   0.0081   0.0081   0.0081
