# E  sum  T1  T2  T3 ...
-10.0000   0.0245   0.0082   0.0082   0.0082
 -9.9750   0.0248   0.0083   0.0083   0.0083
 -9.9499   0.0251   0.0084   0.0084   0.0084
 -9.9249   0.0254   0.0085   0.0085   0.0085
 -9.8999   0.0257   0.0086   0.0086   0.0086
 -9.8749   0.0260   0.0087   0.0087   0.0087
 -9.8498   0.0264   0.0088   0.0088   0.0088
 -9.8248   0.0267   0.0089   0.0089   0.0089
 -9.7998   0.0270   0.0090   0.0090   0.0090
 -9.7748   0.0273   0.0091   0.0091   0.0091
 -9.7497   0.0277   0.0092   0.0092   0.0092
 -9.7247   0.0280   0.0093   0.0093   0.0093
 -9.6997   0.0284   0.0095   0.0095   0.0095
 -9.6747   0.0288   0.0096   0.0096   0.0096
 -9.6496   0.0291   0.0097   0.0097   0.0097
 -9.6246   0.0295   0.0098   0.0098   0.0098
 -9.5996   0.0299   0.0100   0.0100   0.0100
 -9.5746   0.0303   0.0101   0.0101   0.0101
 -9.5495   0.0307   0.0102   0.0102   0.0102
 -9.5245   0.0311   0.0104   0.0104   0.0104
 -9.4995   0.0315   0.0105   0.0105   0.0105
 -9.4745   0.0320   0.0107   0.0107   0.0107
 -9.4494   0.0324   0.0108   0.0108   0.0108
 -9.4244   0.0329   0.0110   0.0110   0.0110
 -9.3994   0.0333   0.0111   0.0111   0.0111
 -9.3744   0.0338   0.0113   0.0113   0.0113
 -9.3493   0.0343   0.0114   0.0114   0.0114
 -9.3243   0.0347   0.0116   0.0116   0.0116
 -9.2993   0.0352   0.0117   0.0117   0.0117
 -9.2743   0.0357   0.0119   0.0119   0.0119
 -9.2492   0.0363   0.0121   0.0121   0.0121
 -9.2242   0.0368   0.0123   0.0123   0.0123
 -9.1992   0.0373   0.0124   0.0124   0.0124
 -9.1742   0.0379   0.0126   0.0126   0.0126
 -9.1491   0.0385   0.0128   0.0128   0.0128
 -9.1241   0.0390   0.0130   0.0130   0.0130
 -9.0991   0.0396   0.0132   0.0132   0.0132
 -9.0741   0.0403   0.0134   0.0134   0.0134
 -9.0490   0.0409   0.0136   0.0136   0.0136
 -9.0240   0.0415   0.0138   0.0138   0.0138
 -8.9990   0.0422   0.0141   0.0141   0.0141
 -8.9740   0.0428   0.0143   0.0143   0.0143
 -8.9489   0.0435   0.0145   0.0145   0.0145
 -8.9239   0.0442   0.0147   0.0147   0.0147
 -8.8989   0.0449   0.0150   0.0150   0.0150
 -8.8739   0.0457   0.0152   0.0152   0.0152
 -8.8488   0.0464   0.0155   0.0155   0.0155
 -8.8238   0.0472   0.0157   0.0157   0.0157
 -8.7988   0.0480   0.0160   0.0160   0.0160
 -8.7738   0.0488   0.0163   0.0163   0.0163
 -8.7487   0.0497   0.0166   0.0166   0.0166
 -8.7237   0.0505   0.0168   0.0168   0.0168
 -8.6987   0.0514   0.0171   0.0171   0.0171
 -8.6737   0.0523   0.0174   0.0174   0.0174
 -8.6486   0.0533   0.0178   0.0178   0.0178
 -8.6236   0.0542   0.0181   0.0181   0.0181
 -8.5986   0.0552   0.0184   0.0184   0.0184
 -8.5736   0.0562   0.0187   0.0187   0.0187
 -8.5485   0.0573   0.0191   0.0191   0.0191
 -8.5235   0.0583   0.0194   0.0194   0.0194
 -8.4985   0.0595   0.0198   0.0198   0.0198
 -8.4735   0.0606   0.0202   0.0202   0.0202
 -8.4484   0.0618   0.0206   0.0206   0.0206
 -8.4234   0.0630   0.0210   0.0210   0.0210
 -8.3984   0.0642   0.0214   0.0214   0.0214
 -8.3734   0.0655   0.0218   0.0218   0.0218
 -8.3483   0.0668   0.0223   0.0223   0.0223
 -8.3233   0.0682   0.0227   0.0227   0.0227
 -8.2983   0.0696   0.0232   0.0232   0.0232
 -8.2733   0.0710   0.0237   0.0237   0.0237
 -8.2482   0.0725   0.0242   0.0242   0.0242
 -8.2232   0.0741   0.0247   0.0247   0.0247
 -8.1982   0.0756   0.0252   0.0252   0.0252
 -8.1732   0.0773   0.0258   0.0258   0.0258
 -8.1481   0.0790   0.0263   0.0263   0.0263
 -8.1231   0.0808   0.0269   0.0269   0.0269
 -8.0981   0.0826   0.0275   0.0275   0.0275
 -8.0731   0.0845   0.0282   0.0282   0.0282
 -8.0480   0.0864   0.0288   0.0288   0.0288
 -8.0230   0.0884   0.0295   0.0295   0.0295
 -7.9980   0.0905   0.0302   0.0302   0.0302
 -7.9730   0.0927   0.0309   0.0309   0.0309
 -7.9479   0.0950   0.0317   0.0317   0.0317
 -7.9229   0.0973   0.0324   0.0324   0.0324
 -7.8979   0.0997   0.0332   0.0332   0.0332
 -7.8729   0.1022   0.0341   0.0341   0.0341
 -7.8478   0.1049   0.0350   0.0350   0.0350
 -7.8228   0.1076   0.0359   0.0359   0.0359
 -7.7978   0.1104   0.0368   0.0368   0.0368
 -7.7728   0.1134   0.0378   0.0378   0.0378
 -7.7477   0.1165   0.0388   0.0388   0.0388
 -7.7227   0.1197   0.0399   0.0399   0.0399
 -7.6977   0.1230   0.0410   0.0410   0.0410
 -7.6727   0.1265   0.0422   0.0422   0.0422
 -7.6476   0.1301   0.0434   0.0434   0.0434
 -7.6226   0.1339   0.0446   0.0446   0.0446
 -7.5976   0.1379   0.0460   0.0460   0.0460
 -7.5726   0.1420   0.0473   0.0473   0.0473
 -7.5475   0.1464   0.0488   0.0488   0.0488
 -7.5225   0.1510   0.0503   0.0503   0.0503
 -7.4975   0.1557   0.0519   0.0519   0.0519
 -7.4725   0.1608   0.0536   0.0536   0.0536
 -7.4474   0.1660   0.0553   0.0553   0.0553
 -7.4224   0.1716   0.0572   0.0572   0.0572
 -7.3974   0.1774   0.0591   0.0591   0.0591
 -7.3724   0.1835   0.0612   0.0612   0.0612
 -7.3473   0.1900   0.0633   0.0633   0.0633
 -7.3223   0.1968   0.0656   0.0656   0.0656
 -7.2973   0.2040   0.0680   0.0680   0.0680
 -7.2723   0.2116   0.0705   0.0705   0.0705
 -7.2472   0.2196   0.0732   0.0732   0.0732
 -7.2222   0.2282   0.0761   0.0761   0.0761
 -7.1972   0.2372   0.0791   0.0791   0.0791
 -7.1722   0.2468   0.0823   0.0823   0.0823
 -7.1471   0.2570   0.0857   0.0857   0.0857
 -7.1221   0.2679   0.0893   0.0893   0.0893
 -7.0971   0.2795   0.0932   0.0932   0.0932
 -7.0721   0.2918   0.0973   0.0973   0.0973
 -7.0470   0.3051   0.1017   0.1017   0.1017
 -7.0220   0.3192   0.1064   0.1064   0.1064
 -6.9970   0.3344   0.1115   0.1115   0.1115
 -6.9720   0.3507   0.1169   0.1169   0.1169
 -6.9469   0.3683   0.1228   0.1228   0.1228
 -6.9219   0.3872   0.1291   0.1291   0.1291
 -6.8969   0.4076   0.1359   0.1359   0.1359
 -6.8719   0.4298   0.1433   0.1433   0.1433
 -6.8468   0.4538   0.1513   0.1513   0.1513
 -6.8218   0.4799   0.1599   0.1599   0.1600
 -6.7968   0.5083   0.1694   0.1694   0.1695
 -6.7718   0.5394   0.1798   0.1798   0.1798
 -6.7467   0.5734   0.1911   0.1911   0.1911
 -6.7217   0.6107   0.2036   0.2036   0.2036
 -6.6967   0.6518   0.2173   0.2173   0.2173
 -6.6717   0.6973   0.2324   0.2324   0.2325
 -6.6466   0.7476   0.2492   0.2492   0.2492
 -6.6216   0.8035   0.2678   0.2678   0.2679
 -6.5966   0.8659   0.2886   0.2886   0.2887
 -6.5716   0.9357   0.3119   0.3119   0.3120
 -6.5465   1.0141   0.3380   0.3380   0.3382
 -6.5215   1.1026   0.3675   0.3675   0.3677
 -6.4965   1.2027   0.4008   0.4008   0.4011
 -6.4715   1.3164   0.4387   0.4387   0.4390
 -6.4464   1.4462   0.4819   0.4819   0.4823
 -6.4214   1.5947   0.5314   0.5314   0.5319
 -6.3964   1.7653   0.5882   0.5882   0.5888
 -6.3714   1.9617   0.6537   0.6537   0.6544
 -6.3463   2.1882   0.7291   0.7291   0.7299
 -6.3213   2.4496   0.8162   0.8162   0.8171
 -6.2963   2.7504   0.9165   0.9165   0.9174
 -6.2713   3.0948   1.0313   1.0313   1.0321
 -6.2462   3.4849   1.1615   1.1615   1.1620
 -6.2212   3.9193   1.3065   1.3065   1.3063
 -6.1962   4.3899   1.4639   1.4639   1.4622
 -6.1712   4.8787   1.6276   1.6276   1.6236
 -6.1461   5.3556   1.7877   1.7877   1.7802
 -6.1211   5.7788   1.9303   1.9303   1.9183
 -6.0961   6.1020   2.0397   2.0397   2.0227
 -6.0711   6.2871   2.1028   2.1028   2.0815
 -6.0460   6.3181   2.1138   2.1138   2.0905
 -6.0210   6.2091   2.0770   2.0770   2.0551
 -5.9960   5.9987   2.0050   2.0050   1.9887
 -5.9710   5.7370   1.9147   1.9147   1.9077
 -5.9459   5.4713   1.8220   1.8220   1.8273
 -5.9209   5.2377   1.7395   1.7395   1.7587
 -5.8959   5.0582   1.6750   1.6750   1.7083
 -5.8709   4.9420   1.6319   1.6319   1.6782
 -5.8458   4.8865   1.6101   1.6101   1.6662
 -5.8208   4.8786   1.6061   1.6061   1.6665
 -5.7958   4.8961   1.6128   1.6128   1.6706
 -5.7708   4.9090   1.6206   1.6206   1.6678
 -5.7457   4.8847   1.6181   1.6181   1.6484
 -5.7207   4.7956   1.5952   1.5952   1.6052
 -5.6957   4.6267   1.5453   1.5453   1.5361
 -5.6707   4.3805   1.4682   1.4682   1.4441
 -5.6456   4.0743   1.3692   1.3692   1.3359
 -5.6206   3.7337   1.2570   1.2570   1.2197
 -5.5956   3.3840   1.1405   1.1405   1.1031
 -5.5706   3.0454   1.0269   1.0269   0.9917
 -5.5455   2.7307   0.9209   0.9209   0.8890
 -5.5205   2.4462   0.8248   0.8248   0.7967
 -5.4955   2.1938   0.7394   0.7394   0.7151
 -5.4705   1.9724   0.6644   0.6644   0.6435
 -5.4454   1.7793   0.5990   0.5990   0.5812
 -5.4204   1.6115   0.5422   0.5422   0.5271
 -5.3954   1.4658   0.4928   0.4928   0.4801
 -5.3704   1.3391   0.4499   0.4499   0.4392
 -5.3453   1.2288   0.4126   0.4126   0.4035
 -5.3203   1.1325   0.3800   0.3800   0.3725
 -5.2953   1.0483   0.3515   0.3515   0.3453
 -5.2703   0.9745   0.3265   0.3265   0.3214
 -5.2452   0.9097   0.3046   0.3046   0.3005
 -5.2202   0.8527   0.2853   0.2853   0.2821
 -5.1952   0.8025   0.2683   0.2683   0.2659
 -5.1702   0.7582   0.2533   0.2533   0.2517
 -5.1451   0.7193   0.2401   0.2401   0.2392
 -5.1201   0.6851   0.2284   0.2284   0.2282
 -5.0951   0.6551   0.2182   0.2182   0.2187
 -5.0701   0.6290   0.2093   0.2093   0.2104
 -5.0450   0.6064   0.2015   0.2015   0.2034
 -5.0200   0.5871   0.1948   0.1948   0.1975
 -4.9950   0.5709   0.1892   0.1892   0.1926
 -4.9700   0.5577   0.1845   0.1845   0.1887
 -4.9449   0.5473   0.1807   0.1807   0.1859
 -4.9199   0.5398   0.1779   0.1779   0.1841
 -4.8949   0.5351   0.1759   0.1759   0.1833
 -4.8699   0.5333   0.1748   0.1748   0.1836
 -4.8448   0.5345   0.1747   0.1747   0.1851
 -4.8198   0.5389   0.1756   0.1756   0.1877
 -4.7948   0.5467   0.1775   0.1775   0.1917
 -4.7698   0.5582   0.1805   0.1805   0.1971
 -4.7447   0.5738   0.1848   0.1848   0.2042
 -4.7197   0.5939   0.1904   0.1904   0.2131
 -4.6947   0.6192   0.1976   0.1976   0.2240
 -4.6697   0.6502   0.2066   0.2066   0.2371
 -4.6446   0.6875   0.2175   0.2175   0.2525
 -4.6196   0.7319   0.2308   0.2308   0.2702
 -4.5946   0.7840   0.2468   0.2468   0.2903
 -4.5696   0.8444   0.2659   0.2659   0.3125
 -4.5445   0.9136   0.2886   0.2886   0.3364
 -4.5195   0.9922   0.3153   0.3153   0.3616
 -4.4945   1.0807   0.3464   0.3464   0.3880
 -4.4695   1.1798   0.3821   0.3821   0.4156
 -4.4444   1.2892   0.4224   0.4224   0.4445
 -4.4194   1.4073   0.4663   0.4663   0.4748
 -4.3944   1.5296   0.5120   0.5120   0.5056
 -4.3694   1.6477   0.5564   0.5564   0.5349
 -4.3443   1.7494   0.5950   0.5950   0.5594
 -4.3193   1.8204   0.6226   0.6226   0.5751
 -4.2943   1.8482   0.6348   0.6348   0.5785
 -4.2693   1.8263   0.6292   0.6292   0.5678
 -4.2442   1.7572   0.6067   0.6067   0.5439
 -4.2192   1.6513   0.5708   0.5708   0.5098
 -4.1942   1.5226   0.5265   0.5265   0.4696
 -4.1692   1.3850   0.4788   0.4788   0.4273
 -4.1441   1.2491   0.4316   0.4316   0.3860
 -4.1191   1.1219   0.3872   0.3872   0.3476
 -4.0941   1.0068   0.3469   0.3469   0.3129
 -4.0691   0.9050   0.3113   0.3113   0.2823
 -4.0440   0.8162   0.2802   0.2802   0.2558
 -4.0190   0.7396   0.2534   0.2534   0.2328
 -3.9940   0.6737   0.2302   0.2302   0.2132
 -3.9690   0.6173   0.2104   0.2104   0.1965
 -3.9439   0.5691   0.1934   0.1934   0.1822
 -3.9189   0.5281   0.1789   0.1789   0.1702
 -3.8939   0.4933   0.1666   0.1666   0.1601
 -3.8689   0.4639   0.1561   0.1561   0.1517
 -3.8438   0.4392   0.1472   0.1472   0.1449
 -3.8188   0.4188   0.1397   0.1397   0.1394
 -3.7938   0.4023   0.1336   0.1336   0.1352
 -3.7688   0.3894   0.1286   0.1286   0.1322
 -3.7437   0.3799   0.1247   0.1247   0.1304
 -3.7187   0.3737   0.1219   0.1219   0.1299
 -3.6937   0.3708   0.1201   0.1201   0.1306
 -3.6687   0.3713   0.1194   0.1194   0.1325
 -3.6436   0.3753   0.1197   0.1197   0.1359
 -3.6186   0.3830   0.1212   0.1212   0.1407
 -3.5936   0.3947   0.1238   0.1238   0.1472
 -3.5686   0.4104   0.1275   0.1275   0.1553
 -3.5435   0.4303   0.1326   0.1326   0.1651
 -3.5185   0.4542   0.1388   0.1388   0.1766
 -3.4935   0.4815   0.1461   0.1461   0.1893
 -3.4685   0.5109   0.1541   0.1541   0.2026
 -3.4434   0.5401   0.1624   0.1624   0.2153
 -3.4184   0.5663   0.1702   0.1702   0.2259
 -3.3934   0.5862   0.1768   0.1768   0.2326
 -3.3684   0.5971   0.1814   0.1814   0.2342
 -3.3433   0.5979   0.1839   0.1839   0.2301
 -3.3183   0.5896   0.1844   0.1844   0.2207
 -3.2933   0.5744   0.1835   0.1835   0.2074
 -3.2683   0.5551   0.1817   0.1817   0.1917
 -3.2432   0.5339   0.1792   0.1792   0.1754
 -3.2182   0.5116   0.1760   0.1760   0.1595
 -3.1932   0.4881   0.1717   0.1717   0.1447
 -3.1682   0.4631   0.1659   0.1659   0.1313
 -3.1431   0.4360   0.1582   0.1582   0.1196
 -3.1181   0.4071   0.1489   0.1489   0.1094
 -3.0931   0.3775   0.1384   0.1384   0.1006
 -3.0681   0.3481   0.1275   0.1275   0.0931
 -3.0430   0.3202   0.1168   0.1168   0.0867
 -3.0180   0.2944   0.1066   0.1066   0.0813
 -2.9930   0.2711   0.0972   0.0972   0.0767
 -2.9680   0.2504   0.0888   0.0888   0.0728
 -2.9429   0.2322   0.0813   0.0813   0.0695
 -2.9179   0.2161   0.0748   0.0748   0.0666
 -2.8929   0.2019   0.0690   0.0690   0.0640
 -2.8679   0.1892   0.0639   0.0639   0.0614
 -2.8428   0.1777   0.0595   0.0595   0.0588
 -2.8178   0.1672   0.0555   0.0555   0.0561
 -2.7928   0.1575   0.0520   0.0520   0.0534
 -2.7678   0.1485   0.0490   0.0490   0.0506
 -2.7427   0.1403   0.0462   0.0462   0.0479
 -2.7177   0.1327   0.0437   0.0437   0.0453
 -2.6927   0.1259   0.0415   0.0415   0.0429
 -2.6677   0.1196   0.0395   0.0395   0.0407
 -2.6426   0.1140   0.0377   0.0377   0.0386
 -2.6176   0.1088   0.0360   0.0360   0.0368
 -2.5926   0.1041   0.0345   0.0345   0.0351
 -2.5676   0.0998   0.0331   0.0331   0.0336
 -2.5425   0.0958   0.0318   0.0318   0.0322
 -2.5175   0.0922   0.0306   0.0306   0.0309
 -2.4925   0.0888   0.0296   0.0296   0.0297
 -2.4675   0.0857   0.0285   0.0285   0.0287
 -2.4424   0.0829   0.0276   0.0276   0.0277
 -2.4174   0.0802   0.0267   0.0267   0.0268
 -2.3924   0.0777   0.0259   0.0259   0.0259
 -2.3674   0.0754   0.0251   0.0251   0.0251
 -2.3423   0.0732   0.0244   0.0244   0.0244
 -2.3173   0.0711   0.0237   0.0237   0.0237
 -2.2923   0.0692   0.0231   0.0231   0.0230
 -2.2673   0.0674   0.0225   0.0225   0.0224
 -2.2422   0.0657   0.0219   0.0219   0.0218
 -2.2172   0.0640   0.0214   0.0214   0.0213
 -2.1922   0.0625   0.0209   0.0209   0.0208
 -2.1672   0.0610   0.0204   0.0204   0.0203
 -2.1421   0.0597   0.0199   0.0199   0.0198
 -2.1171   0.0583   0.0195   0.0195   0.0194
 -2.0921   0.0571   0.0190   0.0190   0.0190
 -2.0671   0.0559   0.0187   0.0187   0.0186
 -2.0420   0.0548   0.0183   0.0183   0.0182
 -2.0170   0.0537   0.0179   0.0179   0.0179
 -1.9920   0.0527   0.0176   0.0176   0.0175
 -1.9670   0.0517   0.0172   0.0172   0.0172
 -1.9419   0.0507   0.0169   0.0169   0.0169
 -1.9169   0.0499   0.0166   0.0166   0.0166
 -1.8919   0.0490   0.0163   0.0163   0.0163
 -1.8669   0.0482   0.0161   0.0161   0.0160
 -1.8418   0.0474   0.0158   0.0158   0.0158
 -1.8168   0.0467   0.0156   0.0156   0.0155
 -1.7918   0.0459   0.0153   0.0153   0.0153
 -1.7668   0.0453   0.0151   0.0151   0.0151
 -1.7417   0.0446   0.0149   0.0149   0.0149
 -1.7167   0.0440   0.0147   0.0147   0.0147
 -1.6917   0.0434   0.0145   0.0145   0.0145
 -1.6667   0.0428   0.0143   0.0143   0.0143
 -1.6416   0.0423   0.0141   0.0141   0.0141
 -1.6166   0.0418   0.0139   0.0139   0.0139
 -1.5916   0.0413   0.0138   0.0138   0.0138
 -1.5666   0.0408   0.0136   0.0136   0.0136
 -1.5415   0.0404   0.0135   0.0135   0.0135
 -1.5165   0.0400   0.0133   0.0133   0.0134
 -1.4915   0.0396   0.0132   0.0132   0.0132
 -1.4665   0.0393   0.0131   0.0131   0.0131
 -1.4414   0.0389   0.0130   0.0130   0.0130
 -1.4164   0.0386   0.0129   0.0129   0.0129
 -1.3914   0.0383   0.0128   0.0128   0.0128
 -1.3664   0.0381   0.0127   0.0127   0.0127
 -1.3413   0.0378   0.0126   0.0126   0.0127
 -1.3163   0.0376   0.0125   0.0125   0.0126
 -1.2913   0.0374   0.0125   0.0125   0.0125
 -1.2663   0.0373   0.0124   0.0124   0.0125
 -1.2412   0.0371   0.0123   0.0123   0.0124
 -1.2162   0.0370   0.0123   0.0123   0.0124
 -1.1912   0.0370   0.0123   0.0123   0.0124
 -1.1662   0.0369   0.0123   0.0123   0.0124
 -1.1411   0.0369   0.0123   0.0123   0.0124
 -1.1161   0.0370   0.0123   0.0123   0.0124
 -1.0911   0.0370   0.0123   0.0123   0.0125
 -1.0661   0.0371   0.0123   0.0123   0.0125
 -1.0410   0.0373   0.0124   0.0124   0.0126
 -1.0160   0.0375   0.0124   0.0124   0.0126
 -0.9910   0.0377   0.0125   0.0125   0.0127
 -0.9660   0.0380   0.0126   0.0126   0.0129
 -0.9409   0.0384   0.0127   0.0127   0.0130
 -0.9159   0.0388   0.0128   0.0128   0.0132
 -0.8909   0.0393   0.0130   0.0130   0.0133
 -0.8659   0.0398   0.0131   0.0131   0.0136
 -0.8408   0.0405   0.0133   0.0133   0.0138
 -0.8158   0.0412   0.0136   0.0136   0.0141
 -0.7908   0.0421   0.0138   0.0138   0.0144
 -0.7658   0.0430   0.0141   0.0141   0.0148
 -0.7407   0.0441   0.0145   0.0145   0.0152
 -0.7157   0.0453   0.0148   0.0148   0.0156
 -0.6907   0.0467   0.0153   0.0153   0.0162
 -0.6657   0.0483   0.0158   0.0158   0.0168
 -0.6406   0.0501   0.0163   0.0163   0.0175
 -0.6156   0.0521   0.0169   0.0169   0.0183
 -0.5906   0.0545   0.0176   0.0176   0.0192
 -0.5656   0.0571   0.0184   0.0184   0.0203
 -0.5405   0.0602   0.0194   0.0194   0.0215
 -0.5155   0.0637   0.0204   0.0204   0.0228
 -0.4905   0.0676   0.0216   0.0216   0.0244
 -0.4655   0.0722   0.0230   0.0230   0.0263
 -0.4404   0.0775   0.0246   0.0246   0.0284
 -0.4154   0.0835   0.0264   0.0264   0.0308
 -0.3904   0.0905   0.0285   0.0285   0.0335
 -0.3654   0.0984   0.0310   0.0310   0.0365
 -0.3403   0.1074   0.0338   0.0338   0.0398
 -0.3153   0.1175   0.0371   0.0371   0.0433
 -0.2903   0.1289   0.0410   0.0410   0.0470
 -0.2653   0.1415   0.0454   0.0454   0.0507
 -0.2402   0.1555   0.0505   0.0505   0.0544
 -0.2152   0.1709   0.0563   0.0563   0.0582
 -0.1902   0.1877   0.0628   0.0628   0.0622
 -0.1652   0.2059   0.0698   0.0698   0.0664
 -0.1401   0.2248   0.0770   0.0770   0.0709
 -0.1151   0.2434   0.0839   0.0839   0.0756
 -0.0901   0.2601   0.0899   0.0899   0.0803
 -0.0651   0.2727   0.0942   0.0942   0.0843
 -0.0400   0.2796   0.0963   0.0963   0.0870
 -0.0150   0.2793   0.0957   0.0957   0.0879
  0.0100   0.2717   0.0925   0.0925   0.0866
  0.0350   0.2580   0.0874   0.0874   0.0832
  0.0601   0.2398   0.0808   0.0808   0.0781
  0.0851   0.2193   0.0736   0.0736   0.0720
  0.1101   0.1982   0.0664   0.0664   0.0655
  0.1351   0.1780   0.0595   0.0595   0.0590
  0.1602   0.1593   0.0532   0.0532   0.0529
  0.1852   0.1425   0.0476   0.0476   0.0474
  0.2102   0.1277   0.0426   0.0426   0.0425
  0.2352   0.1148   0.0383   0.0383   0.0382
  0.2603   0.1036   0.0346   0.0346   0.0345
  0.2853   0.0939   0.0313   0.0313   0.0312
  0.3103   0.0855   0.0286   0.0286   0.0284
  0.3353   0.0783   0.0261   0.0261   0.0260
  0.3604   0.0720   0.0240   0.0240   0.0239
  0.3854   0.0665   0.0222   0.0222   0.0221
  0.4104   0.0617   0.0206   0.0206   0.0205
  0.4354   0.0574   0.0192   0.0192   0.0191
  0.4605   0.0537   0.0179   0.0179   0.0178
  0.4855   0.0504   0.0168   0.0168   0.0167
  0.5105   0.0475   0.0159   0.0159   0.0158
  0.5355   0.0449   0.0150   0.0150   0.0149
  0.5606   0.0425   0.0142   0.0142   0.0141
  0.5856   0.0404   0.0135   0.0135   0.0134
  0.6106   0.0385   0.0129   0.0129   0.0128
  0.6356   0.0368   0.0123   0.0123   0.0122
  0.6607   0.0353   0.0118   0.0118   0.0117
  0.6857   0.0339   0.0113   0.0113   0.0113
  0.7107   0.0326   0.0109   0.0109   0.0109
  0.7357   0.0314   0.0105   0.0105   0.0105
  0.7608   0.0304   0.0101   0.0101   0.0101
  0.7858   0.0294   0.0098   0.0098   0.0098
  0.8108   0.0285   0.0095   0.0095   0.0095
  0.8358   0.0277   0.0092   0.0092   0.0093
  0.8609   0.0270   0.0090   0.0090   0.0090
  0.8859   0.0263   0.0087   0.0087   0.0088
  0.9109   0.0257   0.0085   0.0085   0.0086
  0.9359   0.0251   0.0083   0.0083   0.0085
  0.9610   0.0246   0.0082   0.0082   0.0083
  0.9860   0.0242   0.0080   0.0080   0.0082
  1.0110   0.0238   0.0079   0.0079   0.0081
  1.0360   0.0235   0.0077   0.0077   0.0080
  1.0611   0.0232   0.0076   0.0076   0.0079
  1.0861   0.0229   0.0076   0.0076   0.0078
  1.1111   0.0228   0.0075   0.0075   0.0078
  1.1361   0.0226   0.0074   0.0074   0.0078
  1.1612   0.0226   0.0074   0.0074   0.0078
  1.1862   0.0226   0.0074   0.0074   0.0079
  1.2112   0.0227   0.0074   0.0074   0.0079
  1.2362   0.0229   0.0074   0.0074   0.0081
  1.2613   0.0232   0.0075   0.0075   0.0082
  1.2863   0.0236   0.0076   0.0076   0.0084
  1.3113   0.0241   0.0077   0.0077   0.0087
  1.3363   0.0247   0.0078   0.0078   0.0090
  1.3614   0.0254   0.0080   0.0080   0.0093
  1.3864   0.0262   0.0082   0.0082   0.0097
  1.4114   0.0269   0.0084   0.0084   0.0100
  1.4364   0.0276   0.0087   0.0087   0.0103
  1.4615   0.0282   0.0088   0.0088   0.0105
  1.4865   0.0285   0.0090   0.0090   0.0106
  1.5115   0.0285   0.0090   0.0090   0.0105
  1.5365   0.0283   0.0091   0.0091   0.0102
  1.5616   0.0279   0.0090   0.0090   0.0098
  1.5866   0.0273   0.0090   0.0090   0.0094
  1.6116   0.0266   0.0089   0.0089   0.0089
  1.6366   0.0258   0.0087   0.0087   0.0084
  1.6617   0.0249   0.0085   0.0085   0.0079
  1.6867   0.0239   0.0082   0.0082   0.0075
  1.7117   0.0229   0.0079   0.0079   0.0071
  1.7367   0.0219   0.0076   0.0076   0.0067
  1.7618   0.0209   0.0072   0.0072   0.0064
  1.7868   0.0199   0.0069   0.0069   0.0062
  1.8118   0.0191   0.0066   0.0066   0.0059
  1.8368   0.0183   0.0063   0.0063   0.0057
  1.8619   0.0175   0.0060   0.0060   0.0055
  1.8869   0.0169   0.0058   0.0058   0.0054
  1.9119   0.0163   0.0056   0.0056   0.0052
  1.9369   0.0158   0.0054   0.0054   0.0051
  1.9620   0.0154   0.0052   0.0052   0.0050
  1.9870   0.0150   0.0051   0.0051   0.0048
  2.0120   0.0146   0.0049   0.0049   0.0047
  2.0370   0.0143   0.0048   0.0048   0.0046
  2.0621   0.0140   0.0047   0.0047   0.0046
  2.0871   0.0137   0.0046   0.0046   0.0045
  2.1121   0.0134   0.0045   0.0045   0.0044
  2.1371   0.0132   0.0044   0.0044   0.0043
  2.1622   0.0130   0.0043   0.0043   0.0043
  2.1872   0.0128   0.0043   0.0043   0.0042
  2.2122   0.0126   0.0042   0.0042   0.0041
  2.2372   0.0124   0.0041   0.0041   0.0041
  2.2623   0.0122   0.0041   0.0041   0.0040
  2.2873   0.0121   0.0040   0.0040   0.0040
  2.3123   0.0119   0.0040   0.0040   0.0039
  2.3373   0.0118   0.0039   0.0039   0.0039
  2.3624   0.0116   0.0039   0.0039   0.0039
  2.3874   0.0115   0.0038   0.0038   0.0038
  2.4124   0.0114   0.0038   0.0038   0.0038
  2.4374   0.0113   0.0038   0.0038   0.0037
  2.4625   0.0111   0.0037   0.0037   0.0037
  2.4875   0.0110   0.0037   0.0037   0.0037
  2.5125   0.0109   0.0036   0.0036   0.0036
  2.5375   0.0108   0.0036   0.0036   0.0036
  2.5626   0.0107   0.0036   0.0036   0.0036
  2.5876   0.0106   0.0035   0.0035   0.0035
  2.6126   0.0105   0.0035   0.0035   0.0035
  2.6376   0.0105   0.0035   0.0035   0.0035
  2.6627   0.0104   0.0035   0.0035   0.0034
  2.6877   0.0103   0.0034   0.0034   0.0034
  2.7127   0.0102   0.0034   0.0034   0.0034
  2.7377   0.0101   0.0034   0.0034   0.0034
  2.7628   0.0101   0.0034   0.0034   0.0033
  2.7878   0.0100   0.0033   0.0033   0.0033
  2.8128   0.0099   0.0033   0.0033   0.0033
  2.8378   0.0098   0.0033   0.0033   0.0033
  2.8629   0.0098   0.0033   0.0033   0.0033
  2.8879   0.0097   0.0032   0.0032   0.0032
  2.9129   0.0096   0.0032   0.0032   0.0032
  2.9379   0.0096   0.0032   0.0032   0.0032
  2.9630   0.0095   0.0032   0.0032   0.0032
  2.9880   0.0095   0.0032   0.0032   0.0031
  3.0130   0.0094   0.0031   0.0031   0.0031
  3.0380   0.0093   0.0031   0.0031   0.0031
  3.0631   0.0093   0.0031   0.0031   0.0031
  3.0881   0.0092   0.0031   0.0031   0.0031
  3.1131   0.0092   0.0031   0.0031   0.0031
  3.1381   0.0091   0.0030   0.0030   0.0030
  3.1632   0.0091   0.0030   0.0030   0.0030
  3.1882   0.0090   0.0030   0.0030   0.0030
  3.2132   0.0090   0.0030   0.0030   0.0030
  3.2382   0.0089   0.0030   0.0030   0.0030
  3.2633   0.0089   0.0030   0.0030   0.0030
  3.2883   0.0088   0.0029   0.0029   0.0029
  3.3133   0.0088   0.0029   0.0029   0.0029
  3.3383   0.0087   0.0029   0.0029   0.0029
  3.3634   0.0087   0.0029   0.0029   0.0029
  3.3884   0.0087   0.0029   0.0029   0.0029
  3.4134   0.0086   0.0029   0.0029   0.0029
  3.4384   0.0086   0.0029   0.0029   0.0029
  3.4635   0.0085   0.0028   0.0028   0.0028
  3.4885   0.0085   0.0028   0.0028   0.0028
  3.5135   0.0085   0.0028   0.0028   0.0028
  3.5385   0.0084   0.0028   0.0028   0.0028
  3.5636   0.0084   0.0028   0.0028   0.0028
  3.5886   0.0083   0.0028   0.0028   0.0028
  3.6136   0.0083   0.0028   0.0028   0.0028
  3.6386   0.0083   0.0028   0.0028   0.0028
  3.6637   0.0082   0.0027   0.0027   0.0027
  3.6887   0.0082   0.0027   0.0027   0.0027
  3.7137   0.0082   0.0027   0.0027   0.0027
  3.7387   0.0081   0.0027   0.0027   0.0027
  3.7638   0.0081   0.0027   0.0027   0.0027
  3.7888   0.0081   0.0027   0.0027   0.0027
  3.8138   0.0081   0.0027   0.0027   0.0027
  3.8388   0.0080   0.0027   0.0027   0.0027
  3.8639   0.0080   0.0027   0.0027   0.0027
  3.8889   0.0080   0.0027   0.0027   0.0027
  3.9139   0.0079   0.0026   0.0026   0.0026
  3.9389   0.0079   0.0026   0.0026   0.0026
  3.9640   0.0079   0.0026   0.0026   0.0026
  3.9890   0.0079   0.0026   0.0026   0.0026
  4.0140   0.0078   0.0026   0.0026   0.0026
  4.0390   0.0078   0.0026   0.0026   0.0026
  4.0641   0.0078   0.0026   0.0026   0.0026
  4.0891   0.0078   0.0026   0.0026   0.0026
  4.1141   0.0077   0.0026   0.0026   0.0026
  4.1391   0.0077   0.0026   0.0026   0.0026
  4.1642   0.0077   0.0026   0.0026   0.0026
  4.1892   0.0077   0.0026   0.0026   0.0026
  4.2142   0.0077   0.0026   0.0026   0.0026
  4.2392   0.0076   0.0025   0.0025   0.0025
  4.2643   0.0076   0.0025   0.0025   0.0025
  4.2893   0.0076   0.0025   0.0025   0.0025
  4.3143   0.0076   0.0025   0.0025   0.0025
  4.3393   0.0076   0.0025   0.0025   0.0025
  4.3644   0.0076   0.0025   0.0025   0.0025
  4.3894   0.0075   0.0025   0.0025   0.0025
  4.4144   0.0075   0.0025   0.0025   0.0025
  4.4394   0.0075   0.0025   0.0025   0.0025
  4.4645   0.0075   0.0025   0.0025   0.0025
  4.4895   0.0075   0.0025   0.0025   0.0025
  4.5145   0.0075   0.0025   0.0025   0.0025
  4.5395   0.0074   0.0025   0.0025   0.0025
  4.5646   0.0074   0.0025   0.0025   0.0025
  4.5896   0.0074   0.0025   0.0025   0.0025
  4.6146   0.0074   0.0025   0.0025   0.0025
  4.6396   0.0074   0.0025   0.0025   0.0025
  4.6647   0.0074   0.0025   0.0025   0.0025
  4.6897   0.0074   0.0025   0.0025   0.0025
  4.7147   0.0074   0.0025   0.0025   0.0025
  4.7397   0.0073   0.0024   0.0024   0.0024
  4.7648   0.0073   0.0024   0.0024   0.0024
  4.7898   0.0073   0.0024   0.0024   0.0024
  4.8148   0.0073   0.0024   0.0024   0.0024
  4.8398   0.0073   0.0024   0.0024   0.0024
  4.8649   0.0073   0.0024   0.0024   0.0024
  4.8899   0.0073   0.0024   0.0024   0.0024
  4.9149   0.0073   0.0024   0.0024   0.0024
  4.9399   0.0073   0.0024   0.0024   0.0024
  4.9650   0.0073   0.0024   0.0024   0.0024
  4.9900   0.0073   0.0024   0.0024   0.0024
  5.0150   0.0072   0.0024   0.0024   0.0024
  5.0400   0.0072   0.0024   0.0024   0.0024
  5.0651   0.0072   0.0024   0.0024   0.0024
  5.0901   0.0072   0.0024   0.0024   0.0024
  5.1151   0.0072   0.0024   0.0024   0.0024
  5.1401   0.0072   0.0024   0.0024   0.0024
  5.1652   0.0072   0.0024   0.0024   0.0024
  5.1902   0.0072   0.0024   0.0024   0.0024
  5.2152   0.0072   0.0024   0.0024   0.0024
  5.2402   0.0072   0.0024   0.0024   0.0024
  5.2653   0.0072   0.0024   0.0024   0.0024
  5.2903   0.0072   0.0024   0.0024   0.0024
  5.3153   0.0072   0.0024   0.0024   0.0024
  5.3403   0.0072   0.0024   0.0024   0.0024
  5.3654   0.0072   0.0024   0.0024   0.0024
  5.3904   0.0072   0.0024   0.0024   0.0024
  5.4154   0.0072   0.0024   0.0024   0.0024
  5.4404   0.0072   0.0024   0.0024   0.0024
  5.4655   0.0072   0.0024   0.0024   0.0024
  5.4905   0.0072   0.0024   0.0024   0.0024
  5.5155   0.0072   0.0024   0.0024   0.0024
  5.5405   0.0072   0.0024   0.0024   0.0024
  5.5656   0.0072   0.0024   0.0024   0.0024
  5.5906   0.0072   0.0024   0.0024   0.0024
  5.6156   0.0072   0.0024   0.0024   0.0024
  5.6406   0.0072   0.0024   0.0024   0.0024
  5.6657   0.0072   0.0024   0.0024   0.0024
  5.6907   0.0072   0.0024   0.0024   0.0024
  5.7157   0.0072   0.0024   0.0024   0.0024
  5.7407   0.0073   0.0024   0.0024   0.0024
  5.7658   0.0073   0.0024   0.0024   0.0024
  5.7908   0.0073   0.0024   0.0024   0.0024
  5.8158   0.0073   0.0024   0.0024   0.0024
  5.8408   0.0073   0.0024   0.0024   0.0024
  5.8659   0.0073   0.0024   0.0024   0.0024
  5.8909   0.0073   0.0024   0.0024   0.0024
  5.9159   0.0073   0.0024   0.0024   0.0024
  5.9409   0.0073   0.0024   0.0024   0.0024
  5.9660   0.0073   0.0024   0.0024   0.0024
  5.9910   0.0073   0.0024   0.0024   0.0024
  6.0160   0.0074   0.0025   0.0025   0.0025
  6.0410   0.0074   0.0025   0.0025   0.0025
  6.0661   0.0074   0.0025   0.0025   0.0025
  6.0911   0.0074   0.0025   0.0025   0.0025
  6.1161   0.0074   0.0025   0.0025   0.0025
  6.1411   0.0074   0.0025   0.0025   0.0025
  6.1662   0.0074   0.0025   0.0025   0.0025
  6.1912   0.0074   0.0025   0.0025   0.0025
  6.2162   0.0075   0.0025   0.0025   0.0025
  6.2412   0.0075   0.0025   0.0025   0.0025
  6.2663   0.0075   0.0025   0.0025   0.0025
  6.2913   0.0075   0.0025   0.0025   0.0025
  6.3163   0.0075   0.0025   0.0025   0.0025
  6.3413   0.0076   0.0025   0.0025   0.0025
  6.3664   0.0076   0.0025   0.0025   0.0025
  6.3914   0.0076   0.0025   0.0025   0.0025
  6.4164   0.0076   0.0025   0.0025   0.0025
  6.4414   0.0076   0.0025   0.0025   0.0025
  6.4665   0.0077   0.0026   0.0026   0.0026
  6.4915   0.0077   0.0026   0.0026   0.0026
  6.5165   0.0077   0.0026   0.0026   0.0026
  6.5415   0.0077   0.0026   0.0026   0.0026
  6.5666   0.0077   0.0026   0.0026   0.0026
  6.5916   0.0078   0.0026   0.0026   0.0026
  6.6166   0.0078   0.0026   0.0026   0.0026
  6.6416   0.0078   0.0026   0.0026   0.0026
  6.6667   0.0078   0.0026   0.0026   0.0026
  6.6917   0.0079   0.0026   0.0026   0.0026
  6.7167   0.0079   0.0026   0.0026   0.0026
  6.7417   0.0079   0.0026   0.0026   0.0026
  6.7668   0.0080   0.0027   0.0027   0.0027
  6.7918   0.0080   0.0027   0.0027   0.0027
  6.8168   0.0080   0.0027   0.0027   0.0027
  6.8418   0.0081   0.0027   0.0027   0.0027
  6.8669   0.0081   0.0027   0.0027   0.0027
  6.8919   0.0081   0.0027   0.0027   0.0027
  6.9169   0.0082   0.0027   0.0027   0.0027
  6.9419   0.0082   0.0027   0.0027   0.0027
  6.9670   0.0082   0.0027   0.0027   0.0027
  6.9920   0.0083   0.0028   0.0028   0.0028
  7.0170   0.0083   0.0028   0.0028   0.0028
  7.0420   0.0083   0.0028   0.0028   0.0028
  7.0671   0.0084   0.0028   0.0028   0.0028
  7.0921   0.0084   0.0028   0.0028   0.0028
  7.1171   0.0085   0.0028   0.0028   0.0028
  7.1421   0.0085   0.0028   0.0028   0.0028
  7.1672   0.0085   0.0028   0.0028   0.0028
  7.1922   0.0086   0.0029   0.0029   0.0029
  7.2172   0.0086   0.0029   0.0029   0.0029
  7.2422   0.0087   0.0029   0.0029   0.0029
  7.2673   0.0087   0.0029   0.0029   0.0029
  7.2923   0.0088   0.0029   0.0029   0.0029
  7.3173   0.0088   0.0029   0.0029   0.0029
  7.3423   0.0089   0.0030   0.0030   0.0030
  7.3674   0.0089   0.0030   0.0030   0.0030
  7.3924   0.0090   0.0030   0.0030   0.0030
  7.4174   0.0090   0.0030   0.0030   0.0030
  7.4424   0.0091   0.0030   0.0030   0.0030
  7.4675   0.0091   0.0030   0.0030   0.0030
  7.4925   0.0092   0.0031   0.0031   0.0031
  7.5175   0.0092   0.0031   0.0031   0.0031
  7.5425   0.0093   0.0031   0.0031   0.0031
  7.5676   0.0094   0.0031   0.0031   0.0031
  7.5926   0.0094   0.0031   0.0031   0.0031
  7.6176   0.0095   0.0032   0.0032   0.0032
  7.6426   0.0096   0.0032   0.0032   0.0032
  7.6677   0.0096   0.0032   0.0032   0.0032
  7.6927   0.0097   0.0032   0.0032   0.0032
  7.7177   0.0098   0.0033   0.0033   0.0033
  7.7427   0.0098   0.0033   0.0033   0.0033
  7.7678   0.0099   0.0033   0.0033   0.0033
  7.7928   0.0100   0.0033   0.0033   0.0033
  7.8178   0.0100   0.0033   0.0033   0.0033
  7.8428   0.0101   0.0034   0.0034   0.0034
  7.8679   0.0102   0.0034   0.0034   0.0034
  7.8929   0.0103   0.0034   0.0034   0.0034
  7.9179   0.0104   0.0035   0.0035   0.0035
  7.9429   0.0104   0.0035   0.0035   0.0035
  7.9680   0.0105   0.0035   0.0035   0.0035
  7.9930   0.0106   0.0035   0.0035   0.0035
  8.0180   0.0107   0.0036   0.0036   0.0036
  8.0430   0.0108   0.0036   0.0036   0.0036
  8.0681   0.0109   0.0036   0.0036   0.0036
  8.0931   0.0110   0.0037   0.0037   0.0037
  8.1181   0.0111   0.0037   0.0037   0.0037
  8.1431   0.0112   0.0037   0.0037   0.0037
  8.1682   0.0113   0.0038   0.0038   0.0038
  8.1932   0.0114   0.0038   0.0038   0.0038
  8.2182   0.0115   0.0038   0.0038   0.0038
  8.2432   0.0116   0.0039   0.0039   0.0039
  8.2683   0.0117   0.0039   0.0039   0.0039
  8.2933   0.0118   0.0039   0.0039   0.0039
  8.3183   0.0119   0.0040   0.0040   0.0040
  8.3433   0.0121   0.0040   0.0040   0.0040
  8.3684   0.0122   0.0041   0.0041   0.0041
  8.3934   0.0123   0.0041   0.0041   0.0041
  8.4184   0.0124   0.0041   0.0041   0.0041
  8.4434   0.0126   0.0042   0.0042   0.0042
  8.4685   0.0127   0.0042   0.0042   0.0042
  8.4935   0.0128   0.0043   0.0043   0.0043
  8.5185   0.0130   0.0043   0.0043   0.0043
  8.5435   0.0131   0.0044   0.0044   0.0044
  8.5686   0.0133   0.0044   0.0044   0.0044
  8.5936   0.0134   0.0045   0.0045   0.0045
  8.6186   0.0136   0.0045   0.0045   0.0045
  8.6436   0.0137   0.0046   0.0046   0.0046
  8.6687   0.0139   0.0046   0.0046   0.0046
  8.6937   0.0140   0.0047   0.0047   0.0047
  8.7187   0.0142   0.0047   0.0047   0.0047
  8.7437   0.0144   0.0048   0.0048   0.0048
  8.7688   0.0146   0.0049   0.0049   0.0049
  8.7938   0.0147   0.0049   0.0049   0.0049
  8.8188   0.0149   0.0050   0.0050   0.0050
  8.8438   0.0151   0.0050   0.0050   0.0050
  8.8689   0.0153   0.0051   0.0051   0.0051
  8.8939   0.0155   0.0052   0.0052   0.0052
  8.9189   0.0157   0.0052   0.0052   0.0052
  8.9439   0.0159   0.0053   0.0053   0.0053
  8.9690   0.0162   0.0054   0.0054   0.0054
  8.9940   0.0164   0.0055   0.0055   0.0055
  9.0190   0.0166   0.0055   0.0055   0.0055
  9.0440   0.0169   0.0056   0.0056   0.0056
  9.0691   0.0171   0.0057   0.0057   0.0057
  9.0941   0.0174   0.0058   0.0058   0.0058
  9.1191   0.0176   0.0059   0.0059   0.0059
  9.1441   0.0179   0.0060   0.0060   0.0060
  9.1692   0.0182   0.0061   0.0061   0.0061
  9.1942   0.0184   0.0061   0.0061   0.0061
  9.2192   0.0187   0.0062   0.0062   0.0062
  9.2442   0.0190   0.0063   0.0063   0.0063
  9.2693   0.0193   0.0064   0.0064   0.0064
  9.2943   0.0197   0.0066   0.0066   0.0066
  9.3193   0.0200   0.0067   0.0067   0.0067
  9.3443   0.0203   0.0068   0.0068   0.0068
  9.3694   0.0207   0.0069   0.0069   0.0069
  9.3944   0.0210   0.0070   0.0070   0.0070
  9.4194   0.0214   0.0071   0.0071   0.0071
  9.4444   0.0218   0.0073   0.0073   0.0073
  9.4695   0.0222   0.0074   0.0074   0.0074
  9.4945   0.0226   0.0075   0.0075   0.0075
  9.5195   0.0230   0.0077   0.0077   0.0077
  9.5445   0.0234   0.0078   0.0078   0.0078
  9.5696   0.0239   0.0080   0.0080   0.0080
  9.5946   0.0244   0.0081   0.0081   0.0081
  9.6196   0.0248   0.0083   0.0083   0.0083
  9.6446   0.0253   0.0084   0.0084   0.0084
  9.6697   0.0259   0.0086   0.0086   0.0086
  9.6947   0.0264   0.0088   0.0088   0.0088
  9.7197   0.0269   0.0090   0.0090   0.0090
  9.7447   0.0275   0.0092   0.0092   0.0092
  9.7698   0.0281   0.0094   0.0094   0.0094
  9.7948   0.0287   0.0096   0.0096   0.0096
  9.8198   0.0294   0.0098   0.0098   0.0098
  9.8448   0.0301   0.0100   0.0100   0.0100
  9.8699   0.0308   0.0103   0.0103   0.0103
  9.8949   0.0315   0.0105   0.0105   0.0105
  9.9199   0.0322   0.0107   0.0107   0.0107
  9.9449   0.0330   0.0110   0.0110   0.0110
  9.9700   0.0338   0.0113   0.0113   0.0113
  9.9950   0.0347   0.0116   0.0116   0.0116
 10.0200   0.0356   0.0119   0.0119   0.0119
 10.0450   0.0365   0.0122   0.0122   0.0122
 10.0701   0.0375   0.0125   0.0125   0.0125
 10.0951   0.0385   0.0128   0.0128   0.0128
 10.1201   0.0396   0.0132   0.0132   0.0132
 10.1451   0.0407   0.0136   0.0136   0.0136
 10.1702   0.0419   0.0140   0.0140   0.0140
 10.1952   0.0431   0.0144   0.0144   0.0144
 10.2202   0.0444   0.0148   0.0148   0.0148
 10.2452   0.0457   0.0152   0.0152   0.0153
 10.2703   0.0472   0.0157   0.0157   0.0157
 10.2953   0.0487   0.0162   0.0162   0.0162
 10.3203   0.0503   0.0167   0.0167   0.0168
 10.3453   0.0519   0.0173   0.0173   0.0173
 10.3704   0.0537   0.0179   0.0179   0.0179
 10.3954   0.0556   0.0185   0.0185   0.0185
 10.4204   0.0575   0.0192   0.0192   0.0192
 10.4454   0.0596   0.0199   0.0199   0.0199
 10.4705   0.0618   0.0206   0.0206   0.0206
 10.4955   0.0642   0.0214   0.0214   0.0214
 10.5205   0.0667   0.0222   0.0222   0.0223
 10.5455   0.0694   0.0231   0.0231   0.0231
 10.5706   0.0722   0.0241   0.0241   0.0241
 10.5956   0.0753   0.0251   0.0251   0.0251
 10.6206   0.0786   0.0262   0.0262   0.0262
 10.6456   0.0821   0.0273   0.0273   0.0274
 10.6707   0.0858   0.0286   0.0286   0.0286
 10.6957   0.0899   0.0299   0.0299   0.0300
 10.7207   0.0943   0.0314   0.0314   0.0315
 10.7457   0.0990   0.0330   0.0330   0.0330
 10.7708   0.1041   0.0347   0.0347   0.0348
 10.7958   0.1097   0.0365   0.0365   0.0366
 10.8208   0.1157   0.0385   0.0385   0.0386
 10.8458   0.1223   0.0407   0.0407   0.0408
 10.8709   0.1295   0.0431   0.0431   0.0433
 10.8959   0.1374   0.0458   0.0458   0.0459
 10.9209   0.1461   0.0486   0.0486   0.0488
 10.9459   0.1557   0.0518   0.0518   0.0520
 10.9710   0.1663   0.0554   0.0554   0.0556
 10.9960   0.1781   0.0593   0.0593   0.0595
 11.0210   0.1912   0.0636   0.0636   0.0639
 11.0460   0.2059   0.0685   0.0685   0.0689
 11.0711   0.2223   0.0740   0.0740   0.0744
 11.0961   0.2409   0.0801   0.0801   0.0806
 11.1211   0.2619   0.0871   0.0871   0.0877
 11.1461   0.2857   0.0950   0.0950   0.0957
 11.1712   0.3128   0.1040   0.1040   0.1048
 11.1962   0.3439   0.1143   0.1143   0.1153
 11.2212   0.3796   0.1261   0.1261   0.1273
 11.2462   0.4207   0.1398   0.1398   0.1412
 11.2713   0.4681   0.1555   0.1555   0.1571
 11.2963   0.5229   0.1737   0.1737   0.1756
 11.3213   0.5861   0.1947   0.1947   0.1968
 11.3463   0.6589   0.2188   0.2188   0.2213
 11.3714   0.7420   0.2465   0.2465   0.2491
 11.3964   0.8356   0.2777   0.2777   0.2802
 11.4214   0.9388   0.3123   0.3123   0.3143
 11.4464   1.0488   0.3493   0.3493   0.3503
 11.4715   1.1603   0.3870   0.3870   0.3863
 11.4965   1.2651   0.4228   0.4228   0.4195
 11.5215   1.3527   0.4530   0.4530   0.4468
 11.5465   1.4124   0.4738   0.4738   0.4649
 11.5716   1.4361   0.4822   0.4822   0.4716
 11.5966   1.4208   0.4772   0.4772   0.4664
 11.6216   1.3696   0.4597   0.4597   0.4503
 11.6466   1.2905   0.4325   0.4325   0.4254
 11.6717   1.1935   0.3994   0.3994   0.3947
 11.6967   1.0886   0.3638   0.3638   0.3611
 11.7217   0.9840   0.3284   0.3284   0.3272
 11.7467   0.8852   0.2951   0.2951   0.2949
 11.7718   0.7954   0.2650   0.2650   0.2654
 11.7968   0.7159   0.2384   0.2384   0.2390
 11.8218   0.6468   0.2154   0.2154   0.2161
 11.8468   0.5875   0.1956   0.1956   0.1963
 11.8719   0.5371   0.1788   0.1788   0.1795
 11.8969   0.4946   0.1647   0.1647   0.1653
 11.9219   0.4590   0.1528   0.1528   0.1534
 11.9469   0.4294   0.1429   0.1429   0.1436
 11.9720   0.4051   0.1348   0.1348   0.1354
 11.9970   0.3853   0.1282   0.1282   0.1289
 12.0220   0.3696   0.1230   0.1230   0.1236
 12.0470   0.3575   0.1189   0.1189   0.1196
 12.0721   0.3488   0.1160   0.1160   0.1168
 12.0971   0.3431   0.1141   0.1141   0.1149
 12.1221   0.3403   0.1131   0.1131   0.1140
 12.1471   0.3403   0.1131   0.1131   0.1141
 12.1722   0.3431   0.1140   0.1140   0.1151
 12.1972   0.3486   0.1158   0.1158   0.1171
 12.2222   0.3571   0.1185   0.1185   0.1200
 12.2472   0.3686   0.1223   0.1223   0.1239
 12.2723   0.3833   0.1272   0.1272   0.1290
 12.2973   0.4016   0.1332   0.1332   0.1353
 12.3223   0.4239   0.1405   0.1405   0.1429
 12.3473   0.4507   0.1493   0.1493   0.1521
 12.3724   0.4826   0.1598   0.1598   0.1630
 12.3974   0.5204   0.1722   0.1722   0.1760
 12.4224   0.5650   0.1869   0.1869   0.1912
 12.4474   0.6175   0.2042   0.2042   0.2092
 12.4725   0.6792   0.2245   0.2245   0.2303
 12.4975   0.7515   0.2483   0.2483   0.2550
 12.5225   0.8361   0.2761   0.2761   0.2839
 12.5475   0.9344   0.3085   0.3085   0.3175
 12.5726   1.0478   0.3458   0.3458   0.3561
 12.5976   1.1768   0.3884   0.3884   0.3999
 12.6226   1.3204   0.4360   0.4360   0.4484
 12.6476   1.4754   0.4875   0.4875   0.5004
 12.6727   1.6345   0.5407   0.5407   0.5531
 12.6977   1.7863   0.5919   0.5919   0.6024
 12.7227   1.9152   0.6360   0.6360   0.6431
 12.7477   2.0042   0.6673   0.6673   0.6696
 12.7728   2.0390   0.6807   0.6807   0.6776
 12.7978   2.0137   0.6740   0.6740   0.6658
 12.8228   1.9324   0.6481   0.6481   0.6362
 12.8478   1.8078   0.6073   0.6073   0.5932
 12.8729   1.6567   0.5571   0.5571   0.5425
 12.8979   1.4952   0.5031   0.5031   0.4891
 12.9229   1.3356   0.4495   0.4495   0.4367
 12.9479   1.1859   0.3991   0.3991   0.3877
 12.9730   1.0502   0.3534   0.3534   0.3435
 12.9980   0.9299   0.3128   0.3128   0.3042
 13.0230   0.8246   0.2773   0.2773   0.2700
 13.0480   0.7333   0.2465   0.2465   0.2402
 13.0731   0.6543   0.2199   0.2199   0.2145
 13.0981   0.5860   0.1969   0.1969   0.1923
 13.1231   0.5270   0.1770   0.1770   0.1730
 13.1481   0.4759   0.1598   0.1598   0.1564
 13.1732   0.4314   0.1448   0.1448   0.1419
 13.1982   0.3927   0.1317   0.1317   0.1293
 13.2232   0.3588   0.1203   0.1203   0.1182
 13.2482   0.3291   0.1103   0.1103   0.1085
 13.2733   0.3028   0.1014   0.1014   0.0999
 13.2983   0.2796   0.0936   0.0936   0.0924
 13.3233   0.2590   0.0867   0.0867   0.0857
 13.3483   0.2407   0.0805   0.0805   0.0797
 13.3734   0.2243   0.0750   0.0750   0.0744
 13.3984   0.2096   0.0700   0.0700   0.0696
 13.4234   0.1964   0.0655   0.0655   0.0653
 13.4484   0.1845   0.0615   0.0615   0.0615
 13.4735   0.1738   0.0579   0.0579   0.0580
 13.4985   0.1642   0.0546   0.0546   0.0550
 13.5235   0.1554   0.0516   0.0516   0.0522
 13.5485   0.1475   0.0489   0.0489   0.0497
 13.5736   0.1403   0.0464   0.0464   0.0474
 13.5986   0.1339   0.0442   0.0442   0.0454
 13.6236   0.1280   0.0422   0.0422   0.0437
 13.6486   0.1227   0.0403   0.0403   0.0421
 13.6737   0.1180   0.0387   0.0387   0.0406
 13.6987   0.1137   0.0371   0.0371   0.0394
 13.7237   0.1098   0.0358   0.0358   0.0382
 13.7487   0.1063   0.0346   0.0346   0.0372
 13.7738   0.1033   0.0335   0.0335   0.0363
 13.7988   0.1007   0.0326   0.0326   0.0355
 13.8238   0.0985   0.0318   0.0318   0.0349
 13.8488   0.0968   0.0312   0.0312   0.0344
 13.8739   0.0955   0.0307   0.0307   0.0341
 13.8989   0.0947   0.0304   0.0304   0.0340
 13.9239   0.0944   0.0301   0.0301   0.0341
 13.9489   0.0943   0.0300   0.0300   0.0343
 13.9740   0.0945   0.0300   0.0300   0.0345
 13.9990   0.0946   0.0299   0.0299   0.0347
 14.0240   0.0945   0.0299   0.0299   0.0347
 14.0490   0.0938   0.0297   0.0297   0.0344
 14.0741   0.0925   0.0294   0.0294   0.0337
 14.0991   0.0905   0.0290   0.0290   0.0326
 14.1241   0.0880   0.0284   0.0284   0.0312
 14.1491   0.0852   0.0278   0.0278   0.0295
 14.1742   0.0822   0.0272   0.0272   0.0278
 14.1992   0.0792   0.0265   0.0265   0.0261
 14.2242   0.0761   0.0258   0.0258   0.0245
 14.2492   0.0731   0.0250   0.0250   0.0230
 14.2743   0.0700   0.0242   0.0242   0.0217
 14.2993   0.0668   0.0232   0.0232   0.0204
 14.3243   0.0636   0.0221   0.0221   0.0194
 14.3493   0.0604   0.0210   0.0210   0.0184
 14.3744   0.0573   0.0199   0.0199   0.0175
 14.3994   0.0544   0.0188   0.0188   0.0167
 14.4244   0.0517   0.0179   0.0179   0.0160
 14.4494   0.0492   0.0169   0.0169   0.0153
 14.4745   0.0469   0.0161   0.0161   0.0147
 14.4995   0.0449   0.0154   0.0154   0.0141
 14.5245   0.0430   0.0147   0.0147   0.0136
 14.5495   0.0413   0.0141   0.0141   0.0132
 14.5746   0.0397   0.0135   0.0135   0.0127
 14.5996   0.0383   0.0130   0.0130   0.0123
 14.6246   0.0370   0.0125   0.0125   0.0119
 14.6496   0.0358   0.0121   0.0121   0.0116
 14.6747   0.0346   0.0117   0.0117   0.0113
 14.6997   0.0336   0.0113   0.0113   0.0109
 14.7247   0.0326   0.0110   0.0110   0.0106
 14.7497   0.0317   0.0107   0.0107   0.0104
 14.7748   0.0308   0.0104   0.0104   0.0101
 14.7998   0.0300   0.0101   0.0101   0.0098
 14.8248   0.0292   0.0098   0.0098   0.0096
 14.8498   0.0285   0.0095   0.0095   0.0094
 14.8749   0.0278   0.0093   0.0093   0.0091
 14.8999   0.0271   0.0091   0.0091   0.0089
 14.9249   0.0265   0.0089   0.0089   0.0087
 14.9499   0.0259   0.0087   0.0087   0.0085
 14.9750   0.0253   0.0085   0.0085   0.0084
 15.0000   0.0248   0.0083   0.0083   0.0082
