# E  sum  T1  T2  T3 ...
-10.0000   0.0245   0.0082   0.0082   0.0082
 -9.9750   0.0248   0.0083   0.0083   0.0083
 -9.9499   0.0251   0.0084   0.0084   0.0084
 -9.9249   0.0254   0.0085   0.0085   0.0085
 -9.8999   0.0257   0.0086   0.0086   0.0086
 -9.8749   0.0260   0.0087   0.0087   0.0087
 -9.8498   0.0264   0.0088   0.0088   0.0088
 -9.8248   0.0267   0.0089   0.0089   0.0089
 -9.7998   0.0270   0.0090   0.0090   0.0090
 -9.7748   0.0273   0.0091   0.0091   0.0091
 -9.7497   0.0277   0.0092   0.0092   0.0092
 -9.7247   0.0280   0.0093   0.0093   0.0093
 -9.6997   0.0284   0.0095   0.0095   0.0095
 -9.6747   0.0288   0.0096   0.0096   0.0096
 -9.6496   0.0291   0.0097   0.0097   0.0097
 -9.6246   0.0295   0.0098   0.0098   0.0098
 -9.5996   0.0299   0.0100   0.0100   0.0100
 -9.5746   0.0303   0.0101   0.0101   0.0101
 -9.5495   0.0307   0.0102   0.0102   0.0102
 -9.5245   0.0311   0.0104   0.0104   0.0104
 -9.4995   0.0315   0.0105   0.0105   0.0105
 -9.4745   0.0320   0.0107   0.0107   0.0107
 -9.4494   0.0324   0.0108   0.0108   0.0108
 -9.4244   0.0329   0.0110   0.0110   0.0110
 -9.3994   0.0333   0.0111   0.0111   0.0111
 -9.3744   0.0338   0.0113   0.0113   0.0113
 -9.3493   0.0343   0.0114   0.0114   0.0114
 -9.3243   0.0347   0.0116   0.0116   0.0116
 -9.2993   0.0352   0.0117   0.0117   0.0117
 -9.2743   0.0357   0.0119   0.0119   0.0119
 -9.2492   0.0363   0.0121   0.0121   0.0121
 -9.2242   0.0368   0.0123   0.0123   0.0123
 -9.1992   0.0373   0.0124   0.0124   0.0124
 -9.1742   0.0379   0.0126   0.0126   0.0126
 -9.1491   0.0385   0.0128   0.0128   0.0128
 -9.1241   0.0390   0.0130   0.0130   0.0130
 -9.0991   0.0396   0.0132   0.0132   0.0132
 -9.0741   0.0403   0.0134   0.0134   0.0134
 -9.0490   0.0409   0.0136   0.0136   0.0136
 -9.0240   0.0415   0.0138   0.0138   0.0138
 -8.9990   0.0422   0.0141   0.0141   0.0141
 -8.9740   0.0428   0.0143   0.0143   0.0143
 -8.9489   0.0435   0.0145   0.0145   0.0145
 -8.9239   0.0442   0.0147   0.0147   0.0147
 -8.8989   0.0449   0.0150   0.0150   0.0150
 -8.8739   0.0457   0.0152   0.0152   0.0152
 -8.8488   0.0464   0.0155   0.0155   0.0155
 -8.8238   0.0472   0.0157   0.0157   0.0157
 -8.7988   0.0480   0.0160   0.0160   0.0160
 -8.7738   0.0488   0.0163   0.0163   0.0163
 -8.7487   0.0497   0.0166   0.0166   0.0166
 -8.7237   0.0505   0.0168   0.0168   0.0168
 -8.6987   0.0514   0.0171   0.0171   0.0171
 -8.6737   0.0523   0.0174   0.0174   0.0174
 -8.6486   0.0533   0.0178   0.0178   0.0178
 -8.6236   0.0542   0.0181   0.0181   0.0181
 -8.5986   0.0552   0.0184   0.0184   0.0184
 -8.5736   0.0562   0.0187   0.0187   0.0187
 -8.5485   0.0573   0.0191   0.0191   0.0191
 -8.5235   0.0583   0.0194   0.0194   0.0194
 -8.4985   0.0595   0.0198   0.0198   0.0198
 -8.4735   0.0606   0.0202   0.0202   0.0202
 -8.4484   0.0618   0.0206   0.0206   0.0206
 -8.4234   0.0630   0.0210   0.0210   0.0210
 -8.3984   0.0642   0.0214   0.0214   0.0214
 -8.3734   0.0655   0.0218   0.0218   0.0218
 -8.3483   0.0668   0.0223   0.0223   0.0223
 -8.3233   0.0682   0.0227   0.0227   0.0227
 -8.2983   0.0696   0.0232   0.0232   0.0232
 -8.2733   0.0710   0.0237   0.0237   0.0237
 -8.2482   0.0725   0.0242   0.0242   0.0242
 -8.2232   0.0741   0.0247   0.0247   0.0247
 -8.1982   0.0756   0.0252   0.0252   0.0252
 -8.1732   0.0773   0.0258   0.0258   0.0258
 -8.1481   0.0790   0.0263   0.0263   0.0263
 -8.1231   0.0808   0.0269   0.0269   0.0269
 -8.0981   0.0826   0.0275   0.0275   0.0275
 -8.0731   0.0845   0.0282   0.0282   0.0282
 -8.0480   0.0864   0.0288   0.0288   0.0288
 -8.0230   0.0884   0.0295   0.0295   0.0295
 -7.9980   0.0905   0.0302   0.0302   0.0302
 -7.9730   0.0927   0.0309   0.0309   0.0309
 -7.9479   0.0950   0.0317   0.0317   0.0317
 -7.9229   0.0973   0.0324   0.0324   0.0324
 -7.8979   0.0997   0.0332   0.0332   0.0332
 -7.8729   0.1022   0.0341   0.0341   0.0341
 -7.8478   0.1049   0.0350   0.0350   0.0350
 -7.8228   0.1076   0.0359   0.0359   0.0359
 -7.7978   0.1104   0.0368   0.0368   0.0368
 -7.7728   0.1134   0.0378   0.0378   0.0378
 -7.7477   0.1165   0.0388   0.0388   0.0388
 -7.7227   0.1197   0.0399   0.0399   0.0399
 -7.6977   0.1230   0.0410   0.0410   0.0410
 -7.6727   0.1265   0.0422   0.0422   0.0422
 -7.6476   0.1301   0.0434   0.0434   0.0434
 -7.6226   0.1339   0.0446   0.0446   0.0446
 -7.5976   0.1379   0.0460   0.0460   0.0460
 -7.5726   0.1420   0.0474   0.0474   0.0473
 -7.5475   0.1464   0.0488   0.0488   0.0488
 -7.5225   0.1510   0.0503   0.0503   0.0503
 -7.4975   0.1557   0.0519   0.0519   0.0519
 -7.4725   0.1608   0.0536   0.0536   0.0536
 -7.4474   0.1660   0.0553   0.0553   0.0553
 -7.4224   0.1716   0.0572   0.0572   0.0572
 -7.3974   0.1774   0.0591   0.0591   0.0591
 -7.3724   0.1835   0.0612   0.0612   0.0612
 -7.3473   0.1900   0.0633   0.0633   0.0633
 -7.3223   0.1968   0.0656   0.0656   0.0656
 -7.2973   0.2040   0.0680   0.0680   0.0680
 -7.2723   0.2116   0.0705   0.0705   0.0705
 -7.2472   0.2197   0.0732   0.0732   0.0732
 -7.2222   0.2282   0.0761   0.0761   0.0761
 -7.1972   0.2372   0.0791   0.0791   0.0791
 -7.1722   0.2469   0.0823   0.0823   0.0823
 -7.1471   0.2571   0.0857   0.0857   0.0857
 -7.1221   0.2680   0.0893   0.0893   0.0893
 -7.0971   0.2795   0.0932   0.0932   0.0932
 -7.0721   0.2919   0.0973   0.0973   0.0973
 -7.0470   0.3052   0.1017   0.1017   0.1017
 -7.0220   0.3193   0.1064   0.1064   0.1064
 -6.9970   0.3345   0.1115   0.1115   0.1115
 -6.9720   0.3509   0.1170   0.1170   0.1170
 -6.9469   0.3685   0.1228   0.1228   0.1228
 -6.9219   0.3874   0.1291   0.1291   0.1291
 -6.8969   0.4079   0.1360   0.1360   0.1360
 -6.8719   0.4301   0.1434   0.1434   0.1434
 -6.8468   0.4542   0.1514   0.1514   0.1514
 -6.8218   0.4803   0.1601   0.1601   0.1601
 -6.7968   0.5089   0.1696   0.1696   0.1696
 -6.7718   0.5400   0.1800   0.1800   0.1800
 -6.7467   0.5742   0.1914   0.1914   0.1914
 -6.7217   0.6117   0.2039   0.2039   0.2039
 -6.6967   0.6530   0.2177   0.2177   0.2177
 -6.6717   0.6987   0.2329   0.2329   0.2329
 -6.6466   0.7493   0.2498   0.2498   0.2498
 -6.6216   0.8057   0.2686   0.2686   0.2686
 -6.5966   0.8685   0.2895   0.2895   0.2895
 -6.5716   0.9390   0.3130   0.3130   0.3130
 -6.5465   1.0181   0.3394   0.3394   0.3394
 -6.5215   1.1074   0.3691   0.3691   0.3692
 -6.4965   1.2086   0.4029   0.4029   0.4029
 -6.4715   1.3236   0.4412   0.4412   0.4412
 -6.4464   1.4547   0.4849   0.4849   0.4849
 -6.4214   1.6045   0.5348   0.5348   0.5349
 -6.3964   1.7763   0.5921   0.5921   0.5921
 -6.3714   1.9732   0.6577   0.6577   0.6577
 -6.3463   2.1988   0.7329   0.7329   0.7329
 -6.3213   2.4562   0.8187   0.8187   0.8187
 -6.2963   2.7479   0.9160   0.9160   0.9160
 -6.2713   3.0747   1.0249   1.0249   1.0249
 -6.2462   3.4345   1.1448   1.1448   1.1448
 -6.2212   3.8215   1.2738   1.2738   1.2739
 -6.1962   4.2259   1.4086   1.4086   1.4086
 -6.1712   4.6337   1.5445   1.5445   1.5446
 -6.1461   5.0286   1.6762   1.6762   1.6762
 -6.1211   5.3943   1.7981   1.7981   1.7981
 -6.0961   5.7166   1.9055   1.9055   1.9055
 -6.0711   5.9854   1.9951   1.9951   1.9952
 -6.0460   6.1947   2.0649   2.0649   2.0649
 -6.0210   6.3403   2.1134   2.1134   2.1135
 -5.9960   6.4172   2.1391   2.1391   2.1391
 -5.9710   6.4196   2.1398   2.1398   2.1399
 -5.9459   6.3451   2.1150   2.1150   2.1150
 -5.9209   6.2004   2.0668   2.0668   2.0668
 -5.8959   6.0031   2.0010   2.0010   2.0010
 -5.8709   5.7761   1.9254   1.9254   1.9253
 -5.8458   5.5397   1.8466   1.8466   1.8465
 -5.8208   5.3040   1.7681   1.7681   1.7679
 -5.7958   5.0671   1.6891   1.6891   1.6889
 -5.7708   4.8189   1.6064   1.6064   1.6061
 -5.7457   4.5480   1.5161   1.5161   1.5158
 -5.7207   4.2494   1.4166   1.4166   1.4163
 -5.6957   3.9277   1.3093   1.3093   1.3090
 -5.6707   3.5949   1.1984   1.1984   1.1981
 -5.6456   3.2661   1.0888   1.0888   1.0886
 -5.6206   2.9543   0.9848   0.9848   0.9846
 -5.5956   2.6682   0.8895   0.8895   0.8893
 -5.5706   2.4123   0.8041   0.8041   0.8040
 -5.5455   2.1874   0.7292   0.7292   0.7290
 -5.5205   1.9925   0.6642   0.6642   0.6641
 -5.4955   1.8253   0.6085   0.6085   0.6084
 -5.4705   1.6832   0.5611   0.5611   0.5610
 -5.4454   1.5636   0.5212   0.5212   0.5211
 -5.4204   1.4641   0.4881   0.4881   0.4880
 -5.3954   1.3828   0.4609   0.4609   0.4609
 -5.3704   1.3180   0.4394   0.4394   0.4393
 -5.3453   1.2685   0.4229   0.4229   0.4228
 -5.3203   1.2331   0.4110   0.4110   0.4110
 -5.2953   1.2104   0.4035   0.4035   0.4035
 -5.2703   1.1990   0.3997   0.3997   0.3997
 -5.2452   1.1965   0.3988   0.3988   0.3988
 -5.2202   1.1995   0.3998   0.3998   0.3999
 -5.1952   1.2035   0.4012   0.4012   0.4012
 -5.1702   1.2028   0.4009   0.4009   0.4010
 -5.1451   1.1921   0.3974   0.3974   0.3974
 -5.1201   1.1675   0.3892   0.3892   0.3892
 -5.0951   1.1284   0.3761   0.3761   0.3761
 -5.0701   1.0769   0.3590   0.3590   0.3590
 -5.0450   1.0177   0.3392   0.3392   0.3392
 -5.0200   0.9556   0.3185   0.3185   0.3185
 -4.9950   0.8949   0.2983   0.2983   0.2983
 -4.9700   0.8386   0.2795   0.2795   0.2795
 -4.9449   0.7882   0.2627   0.2627   0.2627
 -4.9199   0.7444   0.2481   0.2481   0.2481
 -4.8949   0.7073   0.2358   0.2358   0.2358
 -4.8699   0.6766   0.2255   0.2255   0.2256
 -4.8448   0.6520   0.2173   0.2173   0.2173
 -4.8198   0.6330   0.2110   0.2110   0.2110
 -4.7948   0.6192   0.2064   0.2064   0.2064
 -4.7698   0.6107   0.2036   0.2036   0.2036
 -4.7447   0.6072   0.2024   0.2024   0.2024
 -4.7197   0.6089   0.2030   0.2030   0.2030
 -4.6947   0.6157   0.2052   0.2052   0.2052
 -4.6697   0.6277   0.2092   0.2092   0.2092
 -4.6446   0.6445   0.2148   0.2148   0.2148
 -4.6196   0.6656   0.2219   0.2219   0.2219
 -4.5946   0.6899   0.2300   0.2300   0.2300
 -4.5696   0.7158   0.2386   0.2386   0.2386
 -4.5445   0.7413   0.2471   0.2471   0.2471
 -4.5195   0.7645   0.2548   0.2548   0.2548
 -4.4945   0.7842   0.2614   0.2614   0.2614
 -4.4695   0.8010   0.2670   0.2670   0.2670
 -4.4444   0.8166   0.2722   0.2722   0.2722
 -4.4194   0.8339   0.2780   0.2780   0.2780
 -4.3944   0.8560   0.2853   0.2853   0.2853
 -4.3694   0.8858   0.2952   0.2952   0.2953
 -4.3443   0.9253   0.3084   0.3084   0.3084
 -4.3193   0.9759   0.3253   0.3253   0.3253
 -4.2943   1.0379   0.3460   0.3460   0.3460
 -4.2693   1.1106   0.3702   0.3702   0.3702
 -4.2442   1.1916   0.3972   0.3972   0.3972
 -4.2192   1.2768   0.4256   0.4256   0.4257
 -4.1942   1.3599   0.4533   0.4533   0.4534
 -4.1692   1.4324   0.4774   0.4774   0.4775
 -4.1441   1.4846   0.4948   0.4948   0.4949
 -4.1191   1.5081   0.5027   0.5027   0.5028
 -4.0941   1.4984   0.4994   0.4994   0.4996
 -4.0691   1.4574   0.4857   0.4857   0.4859
 -4.0440   1.3918   0.4639   0.4639   0.4640
 -4.0190   1.3114   0.4371   0.4371   0.4372
 -3.9940   1.2252   0.4084   0.4084   0.4084
 -3.9690   1.1395   0.3798   0.3798   0.3799
 -3.9439   1.0576   0.3525   0.3525   0.3526
 -3.9189   0.9802   0.3267   0.3267   0.3268
 -3.8939   0.9069   0.3023   0.3023   0.3023
 -3.8689   0.8369   0.2789   0.2789   0.2790
 -3.8438   0.7701   0.2567   0.2567   0.2567
 -3.8188   0.7070   0.2357   0.2357   0.2357
 -3.7938   0.6487   0.2162   0.2162   0.2162
 -3.7688   0.5956   0.1985   0.1985   0.1986
 -3.7437   0.5484   0.1828   0.1828   0.1828
 -3.7187   0.5069   0.1690   0.1690   0.1690
 -3.6937   0.4711   0.1570   0.1570   0.1570
 -3.6687   0.4404   0.1468   0.1468   0.1468
 -3.6436   0.4146   0.1382   0.1382   0.1382
 -3.6186   0.3931   0.1310   0.1310   0.1311
 -3.5936   0.3757   0.1252   0.1252   0.1252
 -3.5686   0.3619   0.1206   0.1206   0.1207
 -3.5435   0.3518   0.1172   0.1172   0.1173
 -3.5185   0.3450   0.1150   0.1150   0.1150
 -3.4935   0.3416   0.1139   0.1139   0.1139
 -3.4685   0.3416   0.1139   0.1139   0.1139
 -3.4434   0.3450   0.1150   0.1150   0.1150
 -3.4184   0.3520   0.1173   0.1173   0.1173
 -3.3934   0.3625   0.1208   0.1208   0.1208
 -3.3684   0.3763   0.1254   0.1254   0.1255
 -3.3433   0.3931   0.1310   0.1310   0.1310
 -3.3183   0.4117   0.1372   0.1372   0.1372
 -3.2933   0.4305   0.1435   0.1435   0.1435
 -3.2683   0.4471   0.1490   0.1490   0.1491
 -3.2432   0.4586   0.1529   0.1529   0.1529
 -3.2182   0.4625   0.1542   0.1542   0.1542
 -3.1932   0.4572   0.1524   0.1524   0.1524
 -3.1682   0.4429   0.1476   0.1476   0.1476
 -3.1431   0.4213   0.1404   0.1404   0.1404
 -3.1181   0.3952   0.1317   0.1317   0.1317
 -3.0931   0.3673   0.1224   0.1224   0.1224
 -3.0681   0.3398   0.1133   0.1133   0.1133
 -3.0430   0.3143   0.1047   0.1047   0.1048
 -3.0180   0.2913   0.0971   0.0971   0.0971
 -2.9930   0.2712   0.0904   0.0904   0.0904
 -2.9680   0.2539   0.0846   0.0846   0.0846
 -2.9429   0.2390   0.0796   0.0796   0.0797
 -2.9179   0.2258   0.0753   0.0753   0.0753
 -2.8929   0.2140   0.0713   0.0713   0.0713
 -2.8679   0.2029   0.0676   0.0676   0.0676
 -2.8428   0.1922   0.0641   0.0641   0.0641
 -2.8178   0.1818   0.0606   0.0606   0.0606
 -2.7928   0.1716   0.0572   0.0572   0.0572
 -2.7678   0.1617   0.0539   0.0539   0.0539
 -2.7427   0.1524   0.0508   0.0508   0.0508
 -2.7177   0.1437   0.0479   0.0479   0.0479
 -2.6927   0.1357   0.0452   0.0452   0.0452
 -2.6677   0.1283   0.0427   0.0427   0.0428
 -2.6426   0.1215   0.0405   0.0405   0.0405
 -2.6176   0.1153   0.0384   0.0384   0.0384
 -2.5926   0.1097   0.0366   0.0366   0.0366
 -2.5676   0.1046   0.0349   0.0349   0.0349
 -2.5425   0.0999   0.0333   0.0333   0.0333
 -2.5175   0.0957   0.0319   0.0319   0.0319
 -2.4925   0.0918   0.0306   0.0306   0.0306
 -2.4675   0.0883   0.0294   0.0294   0.0294
 -2.4424   0.0850   0.0283   0.0283   0.0284
 -2.4174   0.0821   0.0274   0.0274   0.0274
 -2.3924   0.0793   0.0264   0.0264   0.0264
 -2.3674   0.0768   0.0256   0.0256   0.0256
 -2.3423   0.0744   0.0248   0.0248   0.0248
 -2.3173   0.0722   0.0241   0.0241   0.0241
 -2.2923   0.0701   0.0234   0.0234   0.0234
 -2.2673   0.0682   0.0227   0.0227   0.0227
 -2.2422   0.0664   0.0221   0.0221   0.0221
 -2.2172   0.0647   0.0216   0.0216   0.0216
 -2.1922   0.0630   0.0210   0.0210   0.0210
 -2.1672   0.0615   0.0205   0.0205   0.0205
 -2.1421   0.0601   0.0200   0.0200   0.0200
 -2.1171   0.0587   0.0196   0.0196   0.0196
 -2.0921   0.0575   0.0192   0.0192   0.0192
 -2.0671   0.0562   0.0187   0.0187   0.0187
 -2.0420   0.0551   0.0184   0.0184   0.0184
 -2.0170   0.0540   0.0180   0.0180   0.0180
 -1.9920   0.0529   0.0176   0.0176   0.0176
 -1.9670   0.0519   0.0173   0.0173   0.0173
 -1.9419   0.0510   0.0170   0.0170   0.0170
 -1.9169   0.0501   0.0167   0.0167   0.0167
 -1.8919   0.0492   0.0164   0.0164   0.0164
 -1.8669   0.0484   0.0161   0.0161   0.0161
 -1.8418   0.0476   0.0159   0.0159   0.0159
 -1.8168   0.0469   0.0156   0.0156   0.0156
 -1.7918   0.0462   0.0154   0.0154   0.0154
 -1.7668   0.0455   0.0152   0.0152   0.0152
 -1.7417   0.0448   0.0149   0.0149   0.0149
 -1.7167   0.0442   0.0147   0.0147   0.0147
 -1.6917   0.0436   0.0145   0.0145   0.0145
 -1.6667   0.0431   0.0144   0.0144   0.0144
 -1.6416   0.0426   0.0142   0.0142   0.0142
 -1.6166   0.0421   0.0140   0.0140   0.0140
 -1.5916   0.0416   0.0139   0.0139   0.0139
 -1.5666   0.0411   0.0137   0.0137   0.0137
 -1.5415   0.0407   0.0136   0.0136   0.0136
 -1.5165   0.0403   0.0134   0.0134   0.0134
 -1.4915   0.0400   0.0133   0.0133   0.0133
 -1.4665   0.0396   0.0132   0.0132   0.0132
 -1.4414   0.0393   0.0131   0.0131   0.0131
 -1.4164   0.0390   0.0130   0.0130   0.0130
 -1.3914   0.0388   0.0129   0.0129   0.0129
 -1.3664   0.0386   0.0129   0.0129   0.0129
 -1.3413   0.0384   0.0128   0.0128   0.0128
 -1.3163   0.0382   0.0127   0.0127   0.0127
 -1.2913   0.0380   0.0127   0.0127   0.0127
 -1.2663   0.0379   0.0126   0.0126   0.0126
 -1.2412   0.0379   0.0126   0.0126   0.0126
 -1.2162   0.0378   0.0126   0.0126   0.0126
 -1.1912   0.0378   0.0126   0.0126   0.0126
 -1.1662   0.0378   0.0126   0.0126   0.0126
 -1.1411   0.0379   0.0126   0.0126   0.0126
 -1.1161   0.0380   0.0127   0.0127   0.0127
 -1.0911   0.0382   0.0127   0.0127   0.0127
 -1.0661   0.0384   0.0128   0.0128   0.0128
 -1.0410   0.0387   0.0129   0.0129   0.0129
 -1.0160   0.0390   0.0130   0.0130   0.0130
 -0.9910   0.0394   0.0131   0.0131   0.0131
 -0.9660   0.0399   0.0133   0.0133   0.0133
 -0.9409   0.0404   0.0135   0.0135   0.0135
 -0.9159   0.0410   0.0137   0.0137   0.0137
 -0.8909   0.0418   0.0139   0.0139   0.0139
 -0.8659   0.0426   0.0142   0.0142   0.0142
 -0.8408   0.0436   0.0145   0.0145   0.0145
 -0.8158   0.0447   0.0149   0.0149   0.0149
 -0.7908   0.0459   0.0153   0.0153   0.0153
 -0.7658   0.0474   0.0158   0.0158   0.0158
 -0.7407   0.0490   0.0163   0.0163   0.0163
 -0.7157   0.0509   0.0170   0.0170   0.0170
 -0.6907   0.0531   0.0177   0.0177   0.0177
 -0.6657   0.0555   0.0185   0.0185   0.0185
 -0.6406   0.0584   0.0195   0.0195   0.0195
 -0.6156   0.0617   0.0206   0.0206   0.0206
 -0.5906   0.0655   0.0218   0.0218   0.0218
 -0.5656   0.0699   0.0233   0.0233   0.0233
 -0.5405   0.0750   0.0250   0.0250   0.0250
 -0.5155   0.0809   0.0270   0.0270   0.0270
 -0.4905   0.0878   0.0293   0.0293   0.0293
 -0.4655   0.0957   0.0319   0.0319   0.0319
 -0.4404   0.1047   0.0349   0.0349   0.0349
 -0.4154   0.1149   0.0383   0.0383   0.0383
 -0.3904   0.1263   0.0421   0.0421   0.0421
 -0.3654   0.1385   0.0462   0.0462   0.0462
 -0.3403   0.1511   0.0504   0.0504   0.0504
 -0.3153   0.1633   0.0544   0.0544   0.0544
 -0.2903   0.1741   0.0580   0.0580   0.0580
 -0.2653   0.1824   0.0608   0.0608   0.0608
 -0.2402   0.1874   0.0625   0.0625   0.0625
 -0.2152   0.1887   0.0629   0.0629   0.0629
 -0.1902   0.1868   0.0623   0.0623   0.0623
 -0.1652   0.1826   0.0609   0.0609   0.0609
 -0.1401   0.1771   0.0590   0.0590   0.0590
 -0.1151   0.1714   0.0571   0.0571   0.0572
 -0.0901   0.1667   0.0556   0.0556   0.0556
 -0.0651   0.1634   0.0545   0.0545   0.0545
 -0.0400   0.1621   0.0540   0.0540   0.0540
 -0.0150   0.1628   0.0543   0.0543   0.0543
  0.0100   0.1655   0.0552   0.0552   0.0552
  0.0350   0.1697   0.0566   0.0566   0.0566
  0.0601   0.1747   0.0582   0.0582   0.0582
  0.0851   0.1795   0.0598   0.0598   0.0598
  0.1101   0.1827   0.0609   0.0609   0.0609
  0.1351   0.1832   0.0611   0.0611   0.0611
  0.1602   0.1801   0.0600   0.0600   0.0600
  0.1852   0.1734   0.0578   0.0578   0.0578
  0.2102   0.1636   0.0545   0.0545   0.0545
  0.2352   0.1517   0.0506   0.0506   0.0506
  0.2603   0.1390   0.0463   0.0463   0.0463
  0.2853   0.1263   0.0421   0.0421   0.0421
  0.3103   0.1143   0.0381   0.0381   0.0381
  0.3353   0.1034   0.0345   0.0345   0.0345
  0.3604   0.0936   0.0312   0.0312   0.0312
  0.3854   0.0850   0.0283   0.0283   0.0283
  0.4104   0.0775   0.0258   0.0258   0.0258
  0.4354   0.0709   0.0236   0.0236   0.0236
  0.4605   0.0652   0.0217   0.0217   0.0217
  0.4855   0.0603   0.0201   0.0201   0.0201
  0.5105   0.0559   0.0186   0.0186   0.0186
  0.5355   0.0521   0.0174   0.0174   0.0174
  0.5606   0.0488   0.0163   0.0163   0.0163
  0.5856   0.0459   0.0153   0.0153   0.0153
  0.6106   0.0433   0.0144   0.0144   0.0144
  0.6356   0.0410   0.0137   0.0137   0.0137
  0.6607   0.0389   0.0130   0.0130   0.0130
  0.6857   0.0371   0.0124   0.0124   0.0124
  0.7107   0.0354   0.0118   0.0118   0.0118
  0.7357   0.0339   0.0113   0.0113   0.0113
  0.7608   0.0326   0.0109   0.0109   0.0109
  0.7858   0.0314   0.0105   0.0105   0.0105
  0.8108   0.0303   0.0101   0.0101   0.0101
  0.8358   0.0293   0.0098   0.0098   0.0098
  0.8609   0.0284   0.0095   0.0095   0.0095
  0.8859   0.0276   0.0092   0.0092   0.0092
  0.9109   0.0269   0.0090   0.0090   0.0090
  0.9359   0.0262   0.0087   0.0087   0.0087
  0.9610   0.0256   0.0085   0.0085   0.0085
  0.9860   0.0251   0.0084   0.0084   0.0084
  1.0110   0.0246   0.0082   0.0082   0.0082
  1.0360   0.0242   0.0081   0.0081   0.0081
  1.0611   0.0239   0.0080   0.0080   0.0080
  1.0861   0.0236   0.0079   0.0079   0.0079
  1.1111   0.0234   0.0078   0.0078   0.0078
  1.1361   0.0233   0.0078   0.0078   0.0078
  1.1612   0.0232   0.0077   0.0077   0.0077
  1.1862   0.0232   0.0077   0.0077   0.0077
  1.2112   0.0233   0.0078   0.0078   0.0078
  1.2362   0.0235   0.0078   0.0078   0.0078
  1.2613   0.0238   0.0079   0.0079   0.0079
  1.2863   0.0242   0.0081   0.0081   0.0081
  1.3113   0.0247   0.0082   0.0082   0.0082
  1.3363   0.0254   0.0085   0.0085   0.0085
  1.3614   0.0261   0.0087   0.0087   0.0087
  1.3864   0.0268   0.0089   0.0089   0.0089
  1.4114   0.0276   0.0092   0.0092   0.0092
  1.4364   0.0283   0.0094   0.0094   0.0094
  1.4615   0.0289   0.0096   0.0096   0.0096
  1.4865   0.0292   0.0097   0.0097   0.0098
  1.5115   0.0293   0.0098   0.0098   0.0098
  1.5365   0.0289   0.0096   0.0096   0.0096
  1.5616   0.0282   0.0094   0.0094   0.0094
  1.5866   0.0273   0.0091   0.0091   0.0091
  1.6116   0.0261   0.0087   0.0087   0.0087
  1.6366   0.0248   0.0083   0.0083   0.0083
  1.6617   0.0236   0.0079   0.0079   0.0079
  1.6867   0.0223   0.0074   0.0074   0.0074
  1.7117   0.0212   0.0071   0.0071   0.0071
  1.7367   0.0202   0.0067   0.0067   0.0067
  1.7618   0.0193   0.0064   0.0064   0.0064
  1.7868   0.0185   0.0062   0.0062   0.0062
  1.8118   0.0178   0.0059   0.0059   0.0059
  1.8368   0.0171   0.0057   0.0057   0.0057
  1.8619   0.0166   0.0055   0.0055   0.0055
  1.8869   0.0160   0.0053   0.0053   0.0053
  1.9119   0.0156   0.0052   0.0052   0.0052
  1.9369   0.0152   0.0051   0.0051   0.0051
  1.9620   0.0148   0.0049   0.0049   0.0049
  1.9870   0.0145   0.0048   0.0048   0.0048
  2.0120   0.0142   0.0047   0.0047   0.0047
  2.0370   0.0139   0.0046   0.0046   0.0046
  2.0621   0.0136   0.0045   0.0045   0.0045
  2.0871   0.0134   0.0045   0.0045   0.0045
  2.1121   0.0132   0.0044   0.0044   0.0044
  2.1371   0.0130   0.0043   0.0043   0.0043
  2.1622   0.0128   0.0043   0.0043   0.0043
  2.1872   0.0126   0.0042   0.0042   0.0042
  2.2122   0.0124   0.0041   0.0041   0.0041
  2.2372   0.0123   0.0041   0.0041   0.0041
  2.2623   0.0121   0.0040   0.0040   0.0040
  2.2873   0.0119   0.0040   0.0040   0.0040
  2.3123   0.0118   0.0039   0.0039   0.0039
  2.3373   0.0117   0.0039   0.0039   0.0039
  2.3624   0.0115   0.0038   0.0038   0.0038
  2.3874   0.0114   0.0038   0.0038   0.0038
  2.4124   0.0113   0.0038   0.0038   0.0038
  2.4374   0.0112   0.0037   0.0037   0.0037
  2.4625   0.0111   0.0037   0.0037   0.0037
  2.4875   0.0110   0.0037   0.0037   0.0037
  2.5125   0.0109   0.0036   0.0036   0.0036
  2.5375   0.0108   0.0036   0.0036   0.0036
  2.5626   0.0107   0.0036   0.0036   0.0036
  2.5876   0.0106   0.0035   0.0035   0.0035
  2.6126   0.0105   0.0035   0.0035   0.0035
  2.6376   0.0104   0.0035   0.0035   0.0035
  2.6627   0.0103   0.0034   0.0034   0.0034
  2.6877   0.0103   0.0034   0.0034   0.0034
  2.7127   0.0102   0.0034   0.0034   0.0034
  2.7377   0.0101   0.0034   0.0034   0.0034
  2.7628   0.0100   0.0033   0.0033   0.0033
  2.7878   0.0100   0.0033   0.0033   0.0033
  2.8128   0.0099   0.0033   0.0033   0.0033
  2.8378   0.0098   0.0033   0.0033   0.0033
  2.8629   0.0097   0.0032   0.0032   0.0032
  2.8879   0.0097   0.0032   0.0032   0.0032
  2.9129   0.0096   0.0032   0.0032   0.0032
  2.9379   0.0096   0.0032   0.0032   0.0032
  2.9630   0.0095   0.0032   0.0032   0.0032
  2.9880   0.0094   0.0031   0.0031   0.0031
  3.0130   0.0094   0.0031   0.0031   0.0031
  3.0380   0.0093   0.0031   0.0031   0.0031
  3.0631   0.0093   0.0031   0.0031   0.0031
  3.0881   0.0092   0.0031   0.0031   0.0031
  3.1131   0.0092   0.0031   0.0031   0.0031
  3.1381   0.0091   0.0030   0.0030   0.0030
  3.1632   0.0091   0.0030   0.0030   0.0030
  3.1882   0.0090   0.0030   0.0030   0.0030
  3.2132   0.0090   0.0030   0.0030   0.0030
  3.2382   0.0089   0.0030   0.0030   0.0030
  3.2633   0.0089   0.0030   0.0030   0.0030
  3.2883   0.0088   0.0029   0.0029   0.0029
  3.3133   0.0088   0.0029   0.0029   0.0029
  3.3383   0.0087   0.0029   0.0029   0.0029
  3.3634   0.0087   0.0029   0.0029   0.0029
  3.3884   0.0086   0.0029   0.0029   0.0029
  3.4134   0.0086   0.0029   0.0029   0.0029
  3.4384   0.0086   0.0029   0.0029   0.0029
  3.4635   0.0085   0.0028   0.0028   0.0028
  3.4885   0.0085   0.0028   0.0028   0.0028
  3.5135   0.0085   0.0028   0.0028   0.0028
  3.5385   0.0084   0.0028   0.0028   0.0028
  3.5636   0.0084   0.0028   0.0028   0.0028
  3.5886   0.0083   0.0028   0.0028   0.0028
  3.6136   0.0083   0.0028   0.0028   0.0028
  3.6386   0.0083   0.0028   0.0028   0.0028
  3.6637   0.0082   0.0027   0.0027   0.0027
  3.6887   0.0082   0.0027   0.0027   0.0027
  3.7137   0.0082   0.0027   0.0027   0.0027
  3.7387   0.0081   0.0027   0.0027   0.0027
  3.7638   0.0081   0.0027   0.0027   0.0027
  3.7888   0.0081   0.0027   0.0027   0.0027
  3.8138   0.0081   0.0027   0.0027   0.0027
  3.8388   0.0080   0.0027   0.0027   0.0027
  3.8639   0.0080   0.0027   0.0027   0.0027
  3.8889   0.0080   0.0027   0.0027   0.0027
  3.9139   0.0079   0.0026   0.0026   0.0026
  3.9389   0.0079   0.0026   0.0026   0.0026
  3.9640   0.0079   0.0026   0.0026   0.0026
  3.9890   0.0079   0.0026   0.0026   0.0026
  4.0140   0.0078   0.0026   0.0026   0.0026
  4.0390   0.0078   0.0026   0.0026   0.0026
  4.0641   0.0078   0.0026   0.0026   0.0026
  4.0891   0.0078   0.0026   0.0026   0.0026
  4.1141   0.0077   0.0026   0.0026   0.0026
  4.1391   0.0077   0.0026   0.0026   0.0026
  4.1642   0.0077   0.0026   0.0026   0.0026
  4.1892   0.0077   0.0026   0.0026   0.0026
  4.2142   0.0077   0.0026   0.0026   0.0026
  4.2392   0.0076   0.0025   0.0025   0.0025
  4.2643   0.0076   0.0025   0.0025   0.0025
  4.2893   0.0076   0.0025   0.0025   0.0025
  4.3143   0.0076   0.0025   0.0025   0.0025
  4.3393   0.0076   0.0025   0.0025   0.0025
  4.3644   0.0075   0.0025   0.0025   0.0025
  4.3894   0.0075   0.0025   0.0025   0.0025
  4.4144   0.0075   0.0025   0.0025   0.0025
  4.4394   0.0075   0.0025   0.0025   0.0025
  4.4645   0.0075   0.0025   0.0025   0.0025
  4.4895   0.0075   0.0025   0.0025   0.0025
  4.5145   0.0075   0.0025   0.0025   0.0025
  4.5395   0.0074   0.0025   0.0025   0.0025
  4.5646   0.0074   0.0025   0.0025   0.0025
  4.5896   0.0074   0.0025   0.0025   0.0025
  4.6146   0.0074   0.0025   0.0025   0.0025
  4.6396   0.0074   0.0025   0.0025   0.0025
  4.6647   0.0074   0.0025   0.0025   0.0025
  4.6897   0.0074   0.0025   0.0025   0.0025
  4.7147   0.0074   0.0025   0.0025   0.0025
  4.7397   0.0073   0.0024   0.0024   0.0024
  4.7648   0.0073   0.0024   0.0024   0.0024
  4.7898   0.0073   0.0024   0.0024   0.0024
  4.8148   0.0073   0.0024   0.0024   0.0024
  4.8398   0.0073   0.0024   0.0024   0.0024
  4.8649   0.0073   0.0024   0.0024   0.0024
  4.8899   0.0073   0.0024   0.0024   0.0024
  4.9149   0.0073   0.0024   0.0024   0.0024
  4.9399   0.0073   0.0024   0.0024   0.0024
  4.9650   0.0073   0.0024   0.0024   0.0024
  4.9900   0.0073   0.0024   0.0024   0.0024
  5.0150   0.0072   0.0024   0.0024   0.0024
  5.0400   0.0072   0.0024   0.0024   0.0024
  5.0651   0.0072   0.0024   0.0024   0.0024
  5.0901   0.0072   0.0024   0.0024   0.0024
  5.1151   0.0072   0.0024   0.0024   0.0024
  5.1401   0.0072   0.0024   0.0024   0.0024
  5.1652   0.0072   0.0024   0.0024   0.0024
  5.1902   0.0072   0.0024   0.0024   0.0024
  5.2152   0.0072   0.0024   0.0024   0.0024
  5.2402   0.0072   0.0024   0.0024   0.0024
  5.2653   0.0072   0.0024   0.0024   0.0024
  5.2903   0.0072   0.0024   0.0024   0.0024
  5.3153   0.0072   0.0024   0.0024   0.0024
  5.3403   0.0072   0.0024   0.0024   0.0024
  5.3654   0.0072   0.0024   0.0024   0.0024
  5.3904   0.0072   0.0024   0.0024   0.0024
  5.4154   0.0072   0.0024   0.0024   0.0024
  5.4404   0.0072   0.0024   0.0024   0.0024
  5.4655   0.0072   0.0024   0.0024   0.0024
  5.4905   0.0072   0.0024   0.0024   0.0024
  5.5155   0.0072   0.0024   0.0024   0.0024
  5.5405   0.0072   0.0024   0.0024   0.0024
  5.5656   0.0072   0.0024   0.0024   0.0024
  5.5906   0.0072   0.0024   0.0024   0.0024
  5.6156   0.0072   0.0024   0.0024   0.0024
  5.6406   0.0072   0.0024   0.0024   0.0024
  5.6657   0.0072   0.0024   0.0024   0.0024
  5.6907   0.0072   0.0024   0.0024   0.0024
  5.7157   0.0072   0.0024   0.0024   0.0024
  5.7407   0.0073   0.0024   0.0024   0.0024
  5.7658   0.0073   0.0024   0.0024   0.0024
  5.7908   0.0073   0.0024   0.0024   0.0024
  5.8158   0.0073   0.0024   0.0024   0.0024
  5.8408   0.0073   0.0024   0.0024   0.0024
  5.8659   0.0073   0.0024   0.0024   0.0024
  5.8909   0.0073   0.0024   0.0024   0.0024
  5.9159   0.0073   0.0024   0.0024   0.0024
  5.9409   0.0073   0.0024   0.0024   0.0024
  5.9660   0.0073   0.0024   0.0024   0.0024
  5.9910   0.0073   0.0024   0.0024   0.0024
  6.0160   0.0074   0.0025   0.0025   0.0025
  6.0410   0.0074   0.0025   0.0025   0.0025
  6.0661   0.0074   0.0025   0.0025   0.0025
  6.0911   0.0074   0.0025   0.0025   0.0025
  6.1161   0.0074   0.0025   0.0025   0.0025
  6.1411   0.0074   0.0025   0.0025   0.0025
  6.1662   0.0074   0.0025   0.0025   0.0025
  6.1912   0.0074   0.0025   0.0025   0.0025
  6.2162   0.0075   0.0025   0.0025   0.0025
  6.2412   0.0075   0.0025   0.0025   0.0025
  6.2663   0.0075   0.0025   0.0025   0.0025
  6.2913   0.0075   0.0025   0.0025   0.0025
  6.3163   0.0075   0.0025   0.0025   0.0025
  6.3413   0.0076   0.0025   0.0025   0.0025
  6.3664   0.0076   0.0025   0.0025   0.0025
  6.3914   0.0076   0.0025   0.0025   0.0025
  6.4164   0.0076   0.0025   0.0025   0.0025
  6.4414   0.0076   0.0025   0.0025   0.0025
  6.4665   0.0077   0.0026   0.0026   0.0026
  6.4915   0.0077   0.0026   0.0026   0.0026
  6.5165   0.0077   0.0026   0.0026   0.0026
  6.5415   0.0077   0.0026   0.0026   0.0026
  6.5666   0.0077   0.0026   0.0026   0.0026
  6.5916   0.0078   0.0026   0.0026   0.0026
  6.6166   0.0078   0.0026   0.0026   0.0026
  6.6416   0.0078   0.0026   0.0026   0.0026
  6.6667   0.0078   0.0026   0.0026   0.0026
  6.6917   0.0079   0.0026   0.0026   0.0026
  6.7167   0.0079   0.0026   0.0026   0.0026
  6.7417   0.0079   0.0026   0.0026   0.0026
  6.7668   0.0080   0.0027   0.0027   0.0027
  6.7918   0.0080   0.0027   0.0027   0.0027
  6.8168   0.0080   0.0027   0.0027   0.0027
  6.8418   0.0081   0.0027   0.0027   0.0027
  6.8669   0.0081   0.0027   0.0027   0.0027
  6.8919   0.0081   0.0027   0.0027   0.0027
  6.9169   0.0082   0.0027   0.0027   0.0027
  6.9419   0.0082   0.0027   0.0027   0.0027
  6.9670   0.0082   0.0027   0.0027   0.0027
  6.9920   0.0083   0.0028   0.0028   0.0028
  7.0170   0.0083   0.0028   0.0028   0.0028
  7.0420   0.0083   0.0028   0.0028   0.0028
  7.0671   0.0084   0.0028   0.0028   0.0028
  7.0921   0.0084   0.0028   0.0028   0.0028
  7.1171   0.0085   0.0028   0.0028   0.0028
  7.1421   0.0085   0.0028   0.0028   0.0028
  7.1672   0.0085   0.0028   0.0028   0.0028
  7.1922   0.0086   0.0029   0.0029   0.0029
  7.2172   0.0086   0.0029   0.0029   0.0029
  7.2422   0.0087   0.0029   0.0029   0.0029
  7.2673   0.0087   0.0029   0.0029   0.0029
  7.2923   0.0088   0.0029   0.0029   0.0029
  7.3173   0.0088   0.0029   0.0029   0.0029
  7.3423   0.0089   0.0030   0.0030   0.0030
  7.3674   0.0089   0.0030   0.0030   0.0030
  7.3924   0.0090   0.0030   0.0030   0.0030
  7.4174   0.0090   0.0030   0.0030   0.0030
  7.4424   0.0091   0.0030   0.0030   0.0030
  7.4675   0.0091   0.0030   0.0030   0.0030
  7.4925   0.0092   0.0031   0.0031   0.0031
  7.5175   0.0092   0.0031   0.0031   0.0031
  7.5425   0.0093   0.0031   0.0031   0.0031
  7.5676   0.0094   0.0031   0.0031   0.0031
  7.5926   0.0094   0.0031   0.0031   0.0031
  7.6176   0.0095   0.0032   0.0032   0.0032
  7.6426   0.0096   0.0032   0.0032   0.0032
  7.6677   0.0096   0.0032   0.0032   0.0032
  7.6927   0.0097   0.0032   0.0032   0.0032
  7.7177   0.0098   0.0033   0.0033   0.0033
  7.7427   0.0098   0.0033   0.0033   0.0033
  7.7678   0.0099   0.0033   0.0033   0.0033
  7.7928   0.0100   0.0033   0.0033   0.0033
  7.8178   0.0100   0.0033   0.0033   0.0033
  7.8428   0.0101   0.0034   0.0034   0.0034
  7.8679   0.0102   0.0034   0.0034   0.0034
  7.8929   0.0103   0.0034   0.0034   0.0034
  7.9179   0.0104   0.0035   0.0035   0.0035
  7.9429   0.0104   0.0035   0.0035   0.0035
  7.9680   0.0105   0.0035   0.0035   0.0035
  7.9930   0.0106   0.0035   0.0035   0.0035
  8.0180   0.0107   0.0036   0.0036   0.0036
  8.0430   0.0108   0.0036   0.0036   0.0036
  8.0681   0.0109   0.0036   0.0036   0.0036
  8.0931   0.0110   0.0037   0.0037   0.0037
  8.1181   0.0111   0.0037   0.0037   0.0037
  8.1431   0.0112   0.0037   0.0037   0.0037
  8.1682   0.0113   0.0038   0.0038   0.0038
  8.1932   0.0114   0.0038   0.0038   0.0038
  8.2182   0.0115   0.0038   0.0038   0.0038
  8.2432   0.0116   0.0039   0.0039   0.0039
  8.2683   0.0117   0.0039   0.0039   0.0039
  8.2933   0.0118   0.0039   0.0039   0.0039
  8.3183   0.0119   0.0040   0.0040   0.0040
  8.3433   0.0121   0.0040   0.0040   0.0040
  8.3684   0.0122   0.0041   0.0041   0.0041
  8.3934   0.0123   0.0041   0.0041   0.0041
  8.4184   0.0124   0.0041   0.0041   0.0041
  8.4434   0.0126   0.0042   0.0042   0.0042
  8.4685   0.0127   0.0042   0.0042   0.0042
  8.4935   0.0128   0.0043   0.0043   0.0043
  8.5185   0.0130   0.0043   0.0043   0.0043
  8.5435   0.0131   0.0044   0.0044   0.0044
  8.5686   0.0133   0.0044   0.0044   0.0044
  8.5936   0.0134   0.0045   0.0045   0.0045
  8.6186   0.0136   0.0045   0.0045   0.0045
  8.6436   0.0137   0.0046   0.0046   0.0046
  8.6687   0.0139   0.0046   0.0046   0.0046
  8.6937   0.0140   0.0047   0.0047   0.0047
  8.7187   0.0142   0.0047   0.0047   0.0047
  8.7437   0.0144   0.0048   0.0048   0.0048
  8.7688   0.0146   0.0049   0.0049   0.0049
  8.7938   0.0147   0.0049   0.0049   0.0049
  8.8188   0.0149   0.0050   0.0050   0.0050
  8.8438   0.0151   0.0050   0.0050   0.0050
  8.8689   0.0153   0.0051   0.0051   0.0051
  8.8939   0.0155   0.0052   0.0052   0.0052
  8.9189   0.0157   0.0052   0.0052   0.0052
  8.9439   0.0160   0.0053   0.0053   0.0053
  8.9690   0.0162   0.0054   0.0054   0.0054
  8.9940   0.0164   0.0055   0.0055   0.0055
  9.0190   0.0166   0.0055   0.0055   0.0055
  9.0440   0.0169   0.0056   0.0056   0.0056
  9.0691   0.0171   0.0057   0.0057   0.0057
  9.0941   0.0174   0.0058   0.0058   0.0058
  9.1191   0.0176   0.0059   0.0059   0.0059
  9.1441   0.0179   0.0060   0.0060   0.0060
  9.1692   0.0182   0.0061   0.0061   0.0061
  9.1942   0.0184   0.0061   0.0061   0.0061
  9.2192   0.0187   0.0062   0.0062   0.0062
  9.2442   0.0190   0.0063   0.0063   0.0063
  9.2693   0.0193   0.0064   0.0064   0.0064
  9.2943   0.0197   0.0066   0.0066   0.0066
  9.3193   0.0200   0.0067   0.0067   0.0067
  9.3443   0.0203   0.0068   0.0068   0.0068
  9.3694   0.0207   0.0069   0.0069   0.0069
  9.3944   0.0210   0.0070   0.0070   0.0070
  9.4194   0.0214   0.0071   0.0071   0.0071
  9.4444   0.0218   0.0073   0.0073   0.0073
  9.4695   0.0222   0.0074   0.0074   0.0074
  9.4945   0.0226   0.0075   0.0075   0.0075
  9.5195   0.0230   0.0077   0.0077   0.0077
  9.5445   0.0234   0.0078   0.0078   0.0078
  9.5696   0.0239   0.0080   0.0080   0.0080
  9.5946   0.0244   0.0081   0.0081   0.0081
  9.6196   0.0248   0.0083   0.0083   0.0083
  9.6446   0.0253   0.0084   0.0084   0.0084
  9.6697   0.0259   0.0086   0.0086   0.0086
  9.6947   0.0264   0.0088   0.0088   0.0088
  9.7197   0.0270   0.0090   0.0090   0.0090
  9.7447   0.0275   0.0092   0.0092   0.0092
  9.7698   0.0281   0.0094   0.0094   0.0094
  9.7948   0.0288   0.0096   0.0096   0.0096
  9.8198   0.0294   0.0098   0.0098   0.0098
  9.8448   0.0301   0.0100   0.0100   0.0100
  9.8699   0.0308   0.0103   0.0103   0.0103
  9.8949   0.0315   0.0105   0.0105   0.0105
  9.9199   0.0323   0.0108   0.0108   0.0108
  9.9449   0.0330   0.0110   0.0110   0.0110
  9.9700   0.0339   0.0113   0.0113   0.0113
  9.9950   0.0347   0.0116   0.0116   0.0116
 10.0200   0.0356   0.0119   0.0119   0.0119
 10.0450   0.0366   0.0122   0.0122   0.0122
 10.0701   0.0375   0.0125   0.0125   0.0125
 10.0951   0.0386   0.0129   0.0129   0.0128
 10.1201   0.0396   0.0132   0.0132   0.0132
 10.1451   0.0407   0.0136   0.0136   0.0136
 10.1702   0.0419   0.0140   0.0140   0.0140
 10.1952   0.0431   0.0144   0.0144   0.0144
 10.2202   0.0444   0.0148   0.0148   0.0148
 10.2452   0.0458   0.0153   0.0153   0.0153
 10.2703   0.0472   0.0157   0.0157   0.0157
 10.2953   0.0487   0.0162   0.0162   0.0162
 10.3203   0.0503   0.0168   0.0168   0.0168
 10.3453   0.0520   0.0173   0.0173   0.0173
 10.3704   0.0538   0.0179   0.0179   0.0179
 10.3954   0.0557   0.0186   0.0186   0.0185
 10.4204   0.0576   0.0192   0.0192   0.0192
 10.4454   0.0597   0.0199   0.0199   0.0199
 10.4705   0.0620   0.0207   0.0207   0.0207
 10.4955   0.0643   0.0214   0.0214   0.0214
 10.5205   0.0669   0.0223   0.0223   0.0223
 10.5455   0.0696   0.0232   0.0232   0.0232
 10.5706   0.0724   0.0241   0.0241   0.0241
 10.5956   0.0755   0.0252   0.0252   0.0252
 10.6206   0.0788   0.0263   0.0263   0.0263
 10.6456   0.0823   0.0274   0.0274   0.0274
 10.6707   0.0861   0.0287   0.0287   0.0287
 10.6957   0.0902   0.0301   0.0301   0.0301
 10.7207   0.0946   0.0315   0.0315   0.0315
 10.7457   0.0994   0.0331   0.0331   0.0331
 10.7708   0.1046   0.0349   0.0349   0.0348
 10.7958   0.1102   0.0367   0.0367   0.0367
 10.8208   0.1163   0.0388   0.0388   0.0388
 10.8458   0.1229   0.0410   0.0410   0.0410
 10.8709   0.1302   0.0434   0.0434   0.0434
 10.8959   0.1382   0.0461   0.0461   0.0461
 10.9209   0.1470   0.0490   0.0490   0.0490
 10.9459   0.1568   0.0523   0.0523   0.0522
 10.9710   0.1675   0.0559   0.0559   0.0558
 10.9960   0.1795   0.0598   0.0598   0.0598
 11.0210   0.1928   0.0643   0.0643   0.0643
 11.0460   0.2078   0.0693   0.0693   0.0692
 11.0711   0.2245   0.0749   0.0749   0.0748
 11.0961   0.2435   0.0812   0.0812   0.0811
 11.1211   0.2649   0.0883   0.0883   0.0883
 11.1461   0.2892   0.0964   0.0964   0.0964
 11.1712   0.3170   0.1057   0.1057   0.1056
 11.1962   0.3488   0.1163   0.1163   0.1162
 11.2212   0.3853   0.1285   0.1285   0.1284
 11.2462   0.4275   0.1425   0.1425   0.1425
 11.2713   0.4761   0.1587   0.1587   0.1587
 11.2963   0.5323   0.1774   0.1774   0.1774
 11.3213   0.5971   0.1991   0.1991   0.1990
 11.3463   0.6715   0.2239   0.2239   0.2238
 11.3714   0.7562   0.2521   0.2521   0.2520
 11.3964   0.8510   0.2837   0.2837   0.2836
 11.4214   0.9546   0.3182   0.3182   0.3181
 11.4464   1.0636   0.3546   0.3546   0.3545
 11.4715   1.1719   0.3907   0.3907   0.3905
 11.4965   1.2707   0.4236   0.4236   0.4235
 11.5215   1.3496   0.4499   0.4499   0.4498
 11.5465   1.3986   0.4662   0.4662   0.4661
 11.5716   1.4109   0.4703   0.4703   0.4702
 11.5966   1.3853   0.4618   0.4618   0.4617
 11.6216   1.3263   0.4421   0.4421   0.4420
 11.6466   1.2425   0.4142   0.4142   0.4141
 11.6717   1.1440   0.3813   0.3813   0.3813
 11.6967   1.0403   0.3468   0.3468   0.3467
 11.7217   0.9389   0.3130   0.3130   0.3129
 11.7467   0.8444   0.2815   0.2815   0.2814
 11.7718   0.7595   0.2532   0.2532   0.2531
 11.7968   0.6849   0.2283   0.2283   0.2283
 11.8218   0.6205   0.2068   0.2068   0.2068
 11.8468   0.5655   0.1885   0.1885   0.1885
 11.8719   0.5190   0.1730   0.1730   0.1730
 11.8969   0.4800   0.1600   0.1600   0.1600
 11.9219   0.4474   0.1492   0.1492   0.1491
 11.9469   0.4206   0.1402   0.1402   0.1402
 11.9720   0.3988   0.1330   0.1330   0.1329
 11.9970   0.3814   0.1272   0.1272   0.1271
 12.0220   0.3680   0.1227   0.1227   0.1227
 12.0470   0.3581   0.1194   0.1194   0.1194
 12.0721   0.3515   0.1172   0.1172   0.1171
 12.0971   0.3479   0.1160   0.1160   0.1160
 12.1221   0.3473   0.1158   0.1158   0.1158
 12.1471   0.3497   0.1166   0.1166   0.1166
 12.1722   0.3549   0.1183   0.1183   0.1183
 12.1972   0.3632   0.1211   0.1211   0.1211
 12.2222   0.3747   0.1249   0.1249   0.1249
 12.2472   0.3895   0.1298   0.1298   0.1299
 12.2723   0.4081   0.1360   0.1360   0.1361
 12.2973   0.4309   0.1436   0.1436   0.1436
 12.3223   0.4583   0.1528   0.1528   0.1528
 12.3473   0.4910   0.1637   0.1637   0.1637
 12.3724   0.5299   0.1766   0.1766   0.1766
 12.3974   0.5758   0.1919   0.1919   0.1919
 12.4224   0.6299   0.2099   0.2099   0.2100
 12.4474   0.6934   0.2311   0.2311   0.2312
 12.4725   0.7679   0.2559   0.2559   0.2560
 12.4975   0.8546   0.2848   0.2848   0.2849
 12.5225   0.9549   0.3183   0.3183   0.3183
 12.5475   1.0694   0.3564   0.3564   0.3565
 12.5726   1.1978   0.3992   0.3992   0.3993
 12.5976   1.3377   0.4459   0.4459   0.4460
 12.6226   1.4838   0.4946   0.4946   0.4947
 12.6476   1.6270   0.5423   0.5423   0.5424
 12.6727   1.7548   0.5849   0.5849   0.5850
 12.6977   1.8528   0.6176   0.6176   0.6177
 12.7227   1.9087   0.6362   0.6362   0.6363
 12.7477   1.9163   0.6387   0.6387   0.6388
 12.7728   1.8770   0.6256   0.6256   0.6257
 12.7978   1.7991   0.5997   0.5997   0.5998
 12.8228   1.6942   0.5647   0.5647   0.5648
 12.8478   1.5735   0.5245   0.5245   0.5246
 12.8729   1.4460   0.4820   0.4820   0.4821
 12.8979   1.3180   0.4393   0.4393   0.4394
 12.9229   1.1936   0.3979   0.3979   0.3979
 12.9479   1.0755   0.3585   0.3585   0.3585
 12.9730   0.9656   0.3218   0.3218   0.3219
 12.9980   0.8651   0.2883   0.2883   0.2884
 13.0230   0.7746   0.2582   0.2582   0.2582
 13.0480   0.6944   0.2315   0.2315   0.2315
 13.0731   0.6240   0.2080   0.2080   0.2080
 13.0981   0.5626   0.1875   0.1875   0.1875
 13.1231   0.5093   0.1697   0.1697   0.1698
 13.1481   0.4632   0.1544   0.1544   0.1544
 13.1732   0.4234   0.1411   0.1411   0.1411
 13.1982   0.3891   0.1297   0.1297   0.1297
 13.2232   0.3596   0.1199   0.1199   0.1199
 13.2482   0.3343   0.1114   0.1114   0.1114
 13.2733   0.3127   0.1042   0.1042   0.1042
 13.2983   0.2944   0.0981   0.0981   0.0981
 13.3233   0.2790   0.0930   0.0930   0.0930
 13.3483   0.2662   0.0887   0.0887   0.0887
 13.3734   0.2555   0.0852   0.0852   0.0852
 13.3984   0.2466   0.0822   0.0822   0.0822
 13.4234   0.2388   0.0796   0.0796   0.0796
 13.4484   0.2315   0.0772   0.0772   0.0772
 13.4735   0.2241   0.0747   0.0747   0.0747
 13.4985   0.2160   0.0720   0.0720   0.0720
 13.5235   0.2071   0.0690   0.0690   0.0690
 13.5485   0.1972   0.0657   0.0657   0.0657
 13.5736   0.1868   0.0623   0.0623   0.0623
 13.5986   0.1763   0.0587   0.0587   0.0588
 13.6236   0.1659   0.0553   0.0553   0.0553
 13.6486   0.1561   0.0520   0.0520   0.0520
 13.6737   0.1469   0.0490   0.0490   0.0490
 13.6987   0.1383   0.0461   0.0461   0.0461
 13.7237   0.1305   0.0435   0.0435   0.0435
 13.7487   0.1233   0.0411   0.0411   0.0411
 13.7738   0.1168   0.0389   0.0389   0.0389
 13.7988   0.1110   0.0370   0.0370   0.0370
 13.8238   0.1059   0.0353   0.0353   0.0353
 13.8488   0.1013   0.0338   0.0338   0.0338
 13.8739   0.0974   0.0325   0.0325   0.0325
 13.8989   0.0940   0.0313   0.0313   0.0313
 13.9239   0.0911   0.0304   0.0304   0.0304
 13.9489   0.0887   0.0296   0.0296   0.0296
 13.9740   0.0868   0.0289   0.0289   0.0289
 13.9990   0.0854   0.0285   0.0285   0.0285
 14.0240   0.0843   0.0281   0.0281   0.0281
 14.0490   0.0834   0.0278   0.0278   0.0278
 14.0741   0.0827   0.0276   0.0276   0.0276
 14.0991   0.0818   0.0273   0.0273   0.0273
 14.1241   0.0807   0.0269   0.0269   0.0269
 14.1491   0.0790   0.0263   0.0263   0.0263
 14.1742   0.0768   0.0256   0.0256   0.0256
 14.1992   0.0740   0.0247   0.0247   0.0247
 14.2242   0.0708   0.0236   0.0236   0.0236
 14.2492   0.0674   0.0225   0.0225   0.0225
 14.2743   0.0640   0.0213   0.0213   0.0213
 14.2993   0.0607   0.0202   0.0202   0.0202
 14.3243   0.0576   0.0192   0.0192   0.0192
 14.3493   0.0547   0.0182   0.0182   0.0182
 14.3744   0.0521   0.0174   0.0174   0.0174
 14.3994   0.0497   0.0166   0.0166   0.0166
 14.4244   0.0475   0.0158   0.0158   0.0158
 14.4494   0.0456   0.0152   0.0152   0.0152
 14.4745   0.0438   0.0146   0.0146   0.0146
 14.4995   0.0421   0.0140   0.0140   0.0140
 14.5245   0.0406   0.0135   0.0135   0.0135
 14.5495   0.0392   0.0131   0.0131   0.0131
 14.5746   0.0379   0.0126   0.0126   0.0126
 14.5996   0.0367   0.0122   0.0122   0.0122
 14.6246   0.0356   0.0119   0.0119   0.0119
 14.6496   0.0345   0.0115   0.0115   0.0115
 14.6747   0.0335   0.0112   0.0112   0.0112
 14.6997   0.0326   0.0109   0.0109   0.0109
 14.7247   0.0317   0.0106   0.0106   0.0106
 14.7497   0.0309   0.0103   0.0103   0.0103
 14.7748   0.0301   0.0100   0.0100   0.0100
 14.7998   0.0293   0.0098   0.0098   0.0098
 14.8248   0.0286   0.0095   0.0095   0.0095
 14.8498   0.0279   0.0093   0.0093   0.0093
 14.8749   0.0273   0.0091   0.0091   0.0091
 14.8999   0.0267   0.0089   0.0089   0.0089
 14.9249   0.0261   0.0087   0.0087   0.0087
 14.9499   0.0255   0.0085   0.0085   0.0085
 14.9750   0.0250   0.0083   0.0083   0.0083
 15.0000   0.0245   0.0082   0.0082   0.0082
