# E  sum  T1  T2  T3 ...
-25.0000   0.0003   0.0001   0.0001   0.0001
-24.9750   0.0003   0.0001   0.0001   0.0001
-24.9500   0.0003   0.0001   0.0001   0.0001
-24.9250   0.0003   0.0001   0.0001   0.0001
-24.8999   0.0003   0.0001   0.0001   0.0001
-24.8749   0.0003   0.0001   0.0001   0.0001
-24.8499   0.0003   0.0001   0.0001   0.0001
-24.8249   0.0003   0.0001   0.0001   0.0001
-24.7999   0.0003   0.0001   0.0001   0.0001
-24.7749   0.0003   0.0001   0.0001   0.0001
-24.7499   0.0003   0.0001   0.0001   0.0001
-24.7249   0.0003   0.0001   0.0001   0.0001
-24.6998   0.0003   0.0001   0.0001   0.0001
-24.6748   0.0003   0.0001   0.0001   0.0001
-24.6498   0.0003   0.0001   0.0001   0.0001
-24.6248   0.0003   0.0001   0.0001   0.0001
-24.5998   0.0003   0.0001   0.0001   0.0001
-24.5748   0.0003   0.0001   0.0001   0.0001
-24.5498   0.0003   0.0001   0.0001   0.0001
-24.5248   0.0003   0.0001   0.0001   0.0001
-24.4997   0.0003   0.0001   0.0001   0.0001
-24.4747   0.0003   0.0001   0.0001   0.0001
-24.4497   0.0003   0.0001   0.0001   0.0001
-24.4247   0.0003   0.0001   0.0001   0.0001
-24.3997   0.0003   0.0001   0.0001   0.0001
-24.3747   0.0003   0.0001   0.0001   0.0001
-24.3497   0.0003   0.0001   0.0001   0.0001
-24.3247   0.0003   0.0001   0.0001   0.0001
-24.2996   0.0003   0.0001   0.0001   0.0001
-24.2746   0.0003   0.0001   0.0001   0.0001
-24.2496   0.0004   0.0001   0.0001   0.0001
-24.2246   0.0004   0.0001   0.0001   0.0001
-24.1996   0.0004   0.0001   0.0001   0.0001
-24.1746   0.0004   0.0001   0.0001   0.0001
-24.1496   0.0004   0.0001   0.0001   0.0001
-24.1246   0.0004   0.0001   0.0001   0.0001
-24.0995   0.0004   0.0001   0.0001   0.0001
-24.0745   0.0004   0.0001   0.0001   0.0001
-24.0495   0.0004   0.0001   0.0001   0.0001
-24.0245   0.0004   0.0001   0.0001   0.0001
-23.9995   0.0004   0.0001   0.0001   0.0001
-23.9745   0.0004   0.0001   0.0001   0.0001
-23.9495   0.0004   0.0001   0.0001   0.0001
-23.9245   0.0004   0.0001   0.0001   0.0001
-23.8994   0.0004   0.0001   0.0001   0.0001
-23.8744   0.0004   0.0001   0.0001   0.0001
-23.8494   0.0004   0.0001   0.0001   0.0001
-23.8244   0.0004   0.0001   0.0001   0.0001
-23.7994   0.0004   0.0001   0.0001   0.0001
-23.7744   0.0004   0.0001   0.0001   0.0001
-23.7494   0.0004   0.0001   0.0001   0.0001
-23.7244   0.0004   0.0001   0.0001   0.0001
-23.6993   0.0004   0.0001   0.0001   0.0001
-23.6743   0.0004   0.0001   0.0001   0.0001
-23.6493   0.0004   0.0001   0.0001   0.0001
-23.6243   0.0004   0.0001   0.0001   0.0001
-23.5993   0.0004   0.0001   0.0001   0.0001
-23.5743   0.0004   0.0001   0.0001   0.0001
-23.5493   0.0004   0.0001   0.0001   0.0001
-23.5243   0.0004   0.0001   0.0001   0.0001
-23.4992   0.0004   0.0001   0.0001   0.0001
-23.4742   0.0004   0.0001   0.0001   0.0001
-23.4492   0.0004   0.0001   0.0001   0.0001
-23.4242   0.0004   0.0001   0.0001   0.0001
-23.3992   0.0004   0.0001   0.0001   0.0001
-23.3742   0.0004   0.0001   0.0001   0.0001
-23.3492   0.0004   0.0001   0.0001   0.0001
-23.3242   0.0004   0.0001   0.0001   0.0001
-23.2991   0.0004   0.0001   0.0001   0.0001
-23.2741   0.0004   0.0001   0.0001   0.0001
-23.2491   0.0004   0.0001   0.0001   0.0001
-23.2241   0.0004   0.0001   0.0001   0.0001
-23.1991   0.0004   0.0001   0.0001   0.0001
-23.1741   0.0004   0.0001   0.0001   0.0001
-23.1491   0.0004   0.0001   0.0001   0.0001
-23.1241   0.0004   0.0001   0.0001   0.0001
-23.0990   0.0004   0.0001   0.0001   0.0001
-23.0740   0.0004   0.0001   0.0001   0.0001
-23.0490   0.0004   0.0001   0.0001   0.0001
-23.0240   0.0004   0.0001   0.0001   0.0001
-22.9990   0.0004   0.0001   0.0001   0.0001
-22.9740   0.0004   0.0001   0.0001   0.0001
-22.9490   0.0004   0.0001   0.0001   0.0001
-22.9240   0.0004   0.0001   0.0001   0.0001
-22.8989   0.0004   0.0001   0.0001   0.0001
-22.8739   0.0004   0.0001   0.0001   0.0001
-22.8489   0.0004   0.0001   0.0001   0.0001
-22.8239   0.0004   0.0001   0.0001   0.0001
-22.7989   0.0004   0.0001   0.0001   0.0001
-22.7739   0.0004   0.0001   0.0001   0.0001
-22.7489   0.0004   0.0001   0.0001   0.0001
-22.7239   0.0004   0.0001   0.0001   0.0001
-22.6988   0.0004   0.0001   0.0001   0.0001
-22.6738   0.0004   0.0001   0.0001   0.0001
-22.6488   0.0004   0.0001   0.0001   0.0001
-22.6238   0.0004   0.0001   0.0001   0.0001
-22.5988   0.0004   0.0001   0.0001   0.0001
-22.5738   0.0004   0.0001   0.0001   0.0001
-22.5488   0.0004   0.0001   0.0001   0.0001
-22.5238   0.0004   0.0001   0.0001   0.0001
-22.4987   0.0004   0.0001   0.0001   0.0001
-22.4737   0.0004   0.0001   0.0001   0.0001
-22.4487   0.0004   0.0001   0.0001   0.0001
-22.4237   0.0004   0.0001   0.0001   0.0001
-22.3987   0.0004   0.0001   0.0001   0.0001
-22.3737   0.0004   0.0001   0.0001   0.0001
-22.3487   0.0004   0.0001   0.0001   0.0001
-22.3237   0.0004   0.0001   0.0001   0.0001
-22.2986   0.0004   0.0001   0.0001   0.0001
-22.2736   0.0004   0.0001   0.0001   0.0001
-22.2486   0.0004   0.0001   0.0001   0.0001
-22.2236   0.0004   0.0001   0.0001   0.0001
-22.1986   0.0004   0.0001   0.0001   0.0001
-22.1736   0.0004   0.0001   0.0001   0.0001
-22.1486   0.0004   0.0001   0.0001   0.0001
-22.1236   0.0004   0.0001   0.0001   0.0001
-22.0985   0.0004   0.0001   0.0001   0.0001
-22.0735   0.0004   0.0001   0.0001   0.0001
-22.0485   0.0004   0.0001   0.0001   0.0001
-22.0235   0.0004   0.0001   0.0001   0.0001
-21.9985   0.0004   0.0001   0.0001   0.0001
-21.9735   0.0004   0.0001   0.0001   0.0001
-21.9485   0.0005   0.0002   0.0002   0.0002
-21.9235   0.0005   0.0002   0.0002   0.0002
-21.8984   0.0005   0.0002   0.0002   0.0002
-21.8734   0.0005   0.0002   0.0002   0.0002
-21.8484   0.0005   0.0002   0.0002   0.0002
-21.8234   0.0005   0.0002   0.0002   0.0002
-21.7984   0.0005   0.0002   0.0002   0.0002
-21.7734   0.0005   0.0002   0.0002   0.0002
-21.7484   0.0005   0.0002   0.0002   0.0002
-21.7234   0.0005   0.0002   0.0002   0.0002
-21.6983   0.0005   0.0002   0.0002   0.0002
-21.6733   0.0005   0.0002   0.0002   0.0002
-21.6483   0.0005   0.0002   0.0002   0.0002
-21.6233   0.0005   0.0002   0.0002   0.0002
-21.5983   0.0005   0.0002   0.0002   0.0002
-21.5733   0.0005   0.0002   0.0002   0.0002
-21.5483   0.0005   0.0002   0.0002   0.0002
-21.5233   0.0005   0.0002   0.0002   0.0002
-21.4982   0.0005   0.0002   0.0002   0.0002
-21.4732   0.0005   0.0002   0.0002   0.0002
-21.4482   0.0005   0.0002   0.0002   0.0002
-21.4232   0.0005   0.0002   0.0002   0.0002
-21.3982   0.0005   0.0002   0.0002   0.0002
-21.3732   0.0005   0.0002   0.0002   0.0002
-21.3482   0.0005   0.0002   0.0002   0.0002
-21.3232   0.0005   0.0002   0.0002   0.0002
-21.2981   0.0005   0.0002   0.0002   0.0002
-21.2731   0.0005   0.0002   0.0002   0.0002
-21.2481   0.0005   0.0002   0.0002   0.0002
-21.2231   0.0005   0.0002   0.0002   0.0002
-21.1981   0.0005   0.0002   0.0002   0.0002
-21.1731   0.0005   0.0002   0.0002   0.0002
-21.1481   0.0005   0.0002   0.0002   0.0002
-21.1231   0.0005   0.0002   0.0002   0.0002
-21.0980   0.0005   0.0002   0.0002   0.0002
-21.0730   0.0005   0.0002   0.0002   0.0002
-21.0480   0.0005   0.0002   0.0002   0.0002
-21.0230   0.0005   0.0002   0.0002   0.0002
-20.9980   0.0005   0.0002   0.0002   0.0002
-20.9730   0.0005   0.0002   0.0002   0.0002
-20.9480   0.0005   0.0002   0.0002   0.0002
-20.9230   0.0005   0.0002   0.0002   0.0002
-20.8979   0.0005   0.0002   0.0002   0.0002
-20.8729   0.0005   0.0002   0.0002   0.0002
-20.8479   0.0005   0.0002   0.0002   0.0002
-20.8229   0.0005   0.0002   0.0002   0.0002
-20.7979   0.0005   0.0002   0.0002   0.0002
-20.7729   0.0005   0.0002   0.0002   0.0002
-20.7479   0.0005   0.0002   0.0002   0.0002
-20.7229   0.0005   0.0002   0.0002   0.0002
-20.6978   0.0005   0.0002   0.0002   0.0002
-20.6728   0.0005   0.0002   0.0002   0.0002
-20.6478   0.0005   0.0002   0.0002   0.0002
-20.6228   0.0005   0.0002   0.0002   0.0002
-20.5978   0.0005   0.0002   0.0002   0.0002
-20.5728   0.0005   0.0002   0.0002   0.0002
-20.5478   0.0005   0.0002   0.0002   0.0002
-20.5228   0.0005   0.0002   0.0002   0.0002
-20.4977   0.0005   0.0002   0.0002   0.0002
-20.4727   0.0005   0.0002   0.0002   0.0002
-20.4477   0.0005   0.0002   0.0002   0.0002
-20.4227   0.0005   0.0002   0.0002   0.0002
-20.3977   0.0005   0.0002   0.0002   0.0002
-20.3727   0.0005   0.0002   0.0002   0.0002
-20.3477   0.0006   0.0002   0.0002   0.0002
-20.3227   0.0006   0.0002   0.0002   0.0002
-20.2976   0.0006   0.0002   0.0002   0.0002
-20.2726   0.0006   0.0002   0.0002   0.0002
-20.2476   0.0006   0.0002   0.0002   0.0002
-20.2226   0.0006   0.0002   0.0002   0.0002
-20.1976   0.0006   0.0002   0.0002   0.0002
-20.1726   0.0006   0.0002   0.0002   0.0002
-20.1476   0.0006   0.0002   0.0002   0.0002
-20.1226   0.0006   0.0002   0.0002   0.0002
-20.0975   0.0006   0.0002   0.0002   0.0002
-20.0725   0.0006   0.0002   0.0002   0.0002
-20.0475   0.0006   0.0002   0.0002   0.0002
-20.0225   0.0006   0.0002   0.0002   0.0002
-19.9975   0.0006   0.0002   0.0002   0.0002
-19.9725   0.0006   0.0002   0.0002   0.0002
-19.9475   0.0006   0.0002   0.0002   0.0002
-19.9225   0.0006   0.0002   0.0002   0.0002
-19.8974   0.0006   0.0002   0.0002   0.0002
-19.8724   0.0006   0.0002   0.0002   0.0002
-19.8474   0.0006   0.0002   0.0002   0.0002
-19.8224   0.0006   0.0002   0.0002   0.0002
-19.7974   0.0006   0.0002   0.0002   0.0002
-19.7724   0.0006   0.0002   0.0002   0.0002
-19.7474   0.0006   0.0002   0.0002   0.0002
-19.7224   0.0006   0.0002   0.0002   0.0002
-19.6973   0.0006   0.0002   0.0002   0.0002
-19.6723   0.0006   0.0002   0.0002   0.0002
-19.6473   0.0006   0.0002   0.0002   0.0002
-19.6223   0.0006   0.0002   0.0002   0.0002
-19.5973   0.0006   0.0002   0.0002   0.0002
-19.5723   0.0006   0.0002   0.0002   0.0002
-19.5473   0.0006   0.0002   0.0002   0.0002
-19.5223   0.0006   0.0002   0.0002   0.0002
-19.4972   0.0006   0.0002   0.0002   0.0002
-19.4722   0.0006   0.0002   0.0002   0.0002
-19.4472   0.0006   0.0002   0.0002   0.0002
-19.4222   0.0006   0.0002   0.0002   0.0002
-19.3972   0.0006   0.0002   0.0002   0.0002
-19.3722   0.0006   0.0002   0.0002   0.0002
-19.3472   0.0006   0.0002   0.0002   0.0002
-19.3222   0.0006   0.0002   0.0002   0.0002
-19.2971   0.0006   0.0002   0.0002   0.0002
-19.2721   0.0006   0.0002   0.0002   0.0002
-19.2471   0.0006   0.0002   0.0002   0.0002
-19.2221   0.0006   0.0002   0.0002   0.0002
-19.1971   0.0006   0.0002   0.0002   0.0002
-19.1721   0.0006   0.0002   0.0002   0.0002
-19.1471   0.0006   0.0002   0.0002   0.0002
-19.1221   0.0007   0.0002   0.0002   0.0002
-19.0970   0.0007   0.0002   0.0002   0.0002
-19.0720   0.0007   0.0002   0.0002   0.0002
-19.0470   0.0007   0.0002   0.0002   0.0002
-19.0220   0.0007   0.0002   0.0002   0.0002
-18.9970   0.0007   0.0002   0.0002   0.0002
-18.9720   0.0007   0.0002   0.0002   0.0002
-18.9470   0.0007   0.0002   0.0002   0.0002
-18.9220   0.0007   0.0002   0.0002   0.0002
-18.8969   0.0007   0.0002   0.0002   0.0002
-18.8719   0.0007   0.0002   0.0002   0.0002
-18.8469   0.0007   0.0002   0.0002   0.0002
-18.8219   0.0007   0.0002   0.0002   0.0002
-18.7969   0.0007   0.0002   0.0002   0.0002
-18.7719   0.0007   0.0002   0.0002   0.0002
-18.7469   0.0007   0.0002   0.0002   0.0002
-18.7219   0.0007   0.0002   0.0002   0.0002
-18.6968   0.0007   0.0002   0.0002   0.0002
-18.6718   0.0007   0.0002   0.0002   0.0002
-18.6468   0.0007   0.0002   0.0002   0.0002
-18.6218   0.0007   0.0002   0.0002   0.0002
-18.5968   0.0007   0.0002   0.0002   0.0002
-18.5718   0.0007   0.0002   0.0002   0.0002
-18.5468   0.0007   0.0002   0.0002   0.0002
-18.5218   0.0007   0.0002   0.0002   0.0002
-18.4967   0.0007   0.0002   0.0002   0.0002
-18.4717   0.0007   0.0002   0.0002   0.0002
-18.4467   0.0007   0.0002   0.0002   0.0002
-18.4217   0.0007   0.0002   0.0002   0.0002
-18.3967   0.0007   0.0002   0.0002   0.0002
-18.3717   0.0007   0.0002   0.0002   0.0002
-18.3467   0.0007   0.0002   0.0002   0.0002
-18.3217   0.0007   0.0002   0.0002   0.0002
-18.2966   0.0007   0.0002   0.0002   0.0002
-18.2716   0.0007   0.0002   0.0002   0.0002
-18.2466   0.0007   0.0002   0.0002   0.0002
-18.2216   0.0007   0.0002   0.0002   0.0002
-18.1966   0.0007   0.0002   0.0002   0.0002
-18.1716   0.0008   0.0003   0.0003   0.0003
-18.1466   0.0008   0.0003   0.0003   0.0003
-18.1216   0.0008   0.0003   0.0003   0.0003
-18.0965   0.0008   0.0003   0.0003   0.0003
-18.0715   0.0008   0.0003   0.0003   0.0003
-18.0465   0.0008   0.0003   0.0003   0.0003
-18.0215   0.0008   0.0003   0.0003   0.0003
-17.9965   0.0008   0.0003   0.0003   0.0003
-17.9715   0.0008   0.0003   0.0003   0.0003
-17.9465   0.0008   0.0003   0.0003   0.0003
-17.9215   0.0008   0.0003   0.0003   0.0003
-17.8964   0.0008   0.0003   0.0003   0.0003
-17.8714   0.0008   0.0003   0.0003   0.0003
-17.8464   0.0008   0.0003   0.0003   0.0003
-17.8214   0.0008   0.0003   0.0003   0.0003
-17.7964   0.0008   0.0003   0.0003   0.0003
-17.7714   0.0008   0.0003   0.0003   0.0003
-17.7464   0.0008   0.0003   0.0003   0.0003
-17.7214   0.0008   0.0003   0.0003   0.0003
-17.6963   0.0008   0.0003   0.0003   0.0003
-17.6713   0.0008   0.0003   0.0003   0.0003
-17.6463   0.0008   0.0003   0.0003   0.0003
-17.6213   0.0008   0.0003   0.0003   0.0003
-17.5963   0.0008   0.0003   0.0003   0.0003
-17.5713   0.0008   0.0003   0.0003   0.0003
-17.5463   0.0008   0.0003   0.0003   0.0003
-17.5213   0.0008   0.0003   0.0003   0.0003
-17.4962   0.0008   0.0003   0.0003   0.0003
-17.4712   0.0008   0.0003   0.0003   0.0003
-17.4462   0.0008   0.0003   0.0003   0.0003
-17.4212   0.0008   0.0003   0.0003   0.0003
-17.3962   0.0008   0.0003   0.0003   0.0003
-17.3712   0.0009   0.0003   0.0003   0.0003
-17.3462   0.0009   0.0003   0.0003   0.0003
-17.3212   0.0009   0.0003   0.0003   0.0003
-17.2961   0.0009   0.0003   0.0003   0.0003
-17.2711   0.0009   0.0003   0.0003   0.0003
-17.2461   0.0009   0.0003   0.0003   0.0003
-17.2211   0.0009   0.0003   0.0003   0.0003
-17.1961   0.0009   0.0003   0.0003   0.0003
-17.1711   0.0009   0.0003   0.0003   0.0003
-17.1461   0.0009   0.0003   0.0003   0.0003
-17.1211   0.0009   0.0003   0.0003   0.0003
-17.0960   0.0009   0.0003   0.0003   0.0003
-17.0710   0.0009   0.0003   0.0003   0.0003
-17.0460   0.0009   0.0003   0.0003   0.0003
-17.0210   0.0009   0.0003   0.0003   0.0003
-16.9960   0.0009   0.0003   0.0003   0.0003
-16.9710   0.0009   0.0003   0.0003   0.0003
-16.9460   0.0009   0.0003   0.0003   0.0003
-16.9210   0.0009   0.0003   0.0003   0.0003
-16.8959   0.0009   0.0003   0.0003   0.0003
-16.8709   0.0009   0.0003   0.0003   0.0003
-16.8459   0.0009   0.0003   0.0003   0.0003
-16.8209   0.0009   0.0003   0.0003   0.0003
-16.7959   0.0009   0.0003   0.0003   0.0003
-16.7709   0.0009   0.0003   0.0003   0.0003
-16.7459   0.0009   0.0003   0.0003   0.0003
-16.7209   0.0010   0.0003   0.0003   0.0003
-16.6958   0.0010   0.0003   0.0003   0.0003
-16.6708   0.0010   0.0003   0.0003   0.0003
-16.6458   0.0010   0.0003   0.0003   0.0003
-16.6208   0.0010   0.0003   0.0003   0.0003
-16.5958   0.0010   0.0003   0.0003   0.0003
-16.5708   0.0010   0.0003   0.0003   0.0003
-16.5458   0.0010   0.0003   0.0003   0.0003
-16.5208   0.0010   0.0003   0.0003   0.0003
-16.4957   0.0010   0.0003   0.0003   0.0003
-16.4707   0.0010   0.0003   0.0003   0.0003
-16.4457   0.0010   0.0003   0.0003   0.0003
-16.4207   0.0010   0.0003   0.0003   0.0003
-16.3957   0.0010   0.0003   0.0003   0.0003
-16.3707   0.0010   0.0003   0.0003   0.0003
-16.3457   0.0010   0.0003   0.0003   0.0003
-16.3207   0.0010   0.0003   0.0003   0.0003
-16.2956   0.0010   0.0003   0.0003   0.0003
-16.2706   0.0010   0.0003   0.0003   0.0003
-16.2456   0.0010   0.0003   0.0003   0.0003
-16.2206   0.0010   0.0003   0.0003   0.0003
-16.1956   0.0010   0.0003   0.0003   0.0003
-16.1706   0.0011   0.0004   0.0004   0.0004
-16.1456   0.0011   0.0004   0.0004   0.0004
-16.1206   0.0011   0.0004   0.0004   0.0004
-16.0955   0.0011   0.0004   0.0004   0.0004
-16.0705   0.0011   0.0004   0.0004   0.0004
-16.0455   0.0011   0.0004   0.0004   0.0004
-16.0205   0.0011   0.0004   0.0004   0.0004
-15.9955   0.0011   0.0004   0.0004   0.0004
-15.9705   0.0011   0.0004   0.0004   0.0004
-15.9455   0.0011   0.0004   0.0004   0.0004
-15.9205   0.0011   0.0004   0.0004   0.0004
-15.8954   0.0011   0.0004   0.0004   0.0004
-15.8704   0.0011   0.0004   0.0004   0.0004
-15.8454   0.0011   0.0004   0.0004   0.0004
-15.8204   0.0011   0.0004   0.0004   0.0004
-15.7954   0.0011   0.0004   0.0004   0.0004
-15.7704   0.0011   0.0004   0.0004   0.0004
-15.7454   0.0011   0.0004   0.0004   0.0004
-15.7204   0.0011   0.0004   0.0004   0.0004
-15.6953   0.0012   0.0004   0.0004   0.0004
-15.6703   0.0012   0.0004   0.0004   0.0004
-15.6453   0.0012   0.0004   0.0004   0.0004
-15.6203   0.0012   0.0004   0.0004   0.0004
-15.5953   0.0012   0.0004   0.0004   0.0004
-15.5703   0.0012   0.0004   0.0004   0.0004
-15.5453   0.0012   0.0004   0.0004   0.0004
-15.5203   0.0012   0.0004   0.0004   0.0004
-15.4952   0.0012   0.0004   0.0004   0.0004
-15.4702   0.0012   0.0004   0.0004   0.0004
-15.4452   0.0012   0.0004   0.0004   0.0004
-15.4202   0.0012   0.0004   0.0004   0.0004
-15.3952   0.0012   0.0004   0.0004   0.0004
-15.3702   0.0012   0.0004   0.0004   0.0004
-15.3452   0.0012   0.0004   0.0004   0.0004
-15.3202   0.0012   0.0004   0.0004   0.0004
-15.2951   0.0012   0.0004   0.0004   0.0004
-15.2701   0.0013   0.0004   0.0004   0.0004
-15.2451   0.0013   0.0004   0.0004   0.0004
-15.2201   0.0013   0.0004   0.0004   0.0004
-15.1951   0.0013   0.0004   0.0004   0.0004
-15.1701   0.0013   0.0004   0.0004   0.0004
-15.1451   0.0013   0.0004   0.0004   0.0004
-15.1201   0.0013   0.0004   0.0004   0.0004
-15.0950   0.0013   0.0004   0.0004   0.0004
-15.0700   0.0013   0.0004   0.0004   0.0004
-15.0450   0.0013   0.0004   0.0004   0.0004
-15.0200   0.0013   0.0004   0.0004   0.0004
-14.9950   0.0013   0.0004   0.0004   0.0004
-14.9700   0.0013   0.0004   0.0004   0.0004
-14.9450   0.0013   0.0004   0.0004   0.0004
-14.9200   0.0013   0.0004   0.0004   0.0004
-14.8949   0.0014   0.0005   0.0005   0.0005
-14.8699   0.0014   0.0005   0.0005   0.0005
-14.8449   0.0014   0.0005   0.0005   0.0005
-14.8199   0.0014   0.0005   0.0005   0.0005
-14.7949   0.0014   0.0005   0.0005   0.0005
-14.7699   0.0014   0.0005   0.0005   0.0005
-14.7449   0.0014   0.0005   0.0005   0.0005
-14.7199   0.0014   0.0005   0.0005   0.0005
-14.6948   0.0014   0.0005   0.0005   0.0005
-14.6698   0.0014   0.0005   0.0005   0.0005
-14.6448   0.0014   0.0005   0.0005   0.0005
-14.6198   0.0014   0.0005   0.0005   0.0005
-14.5948   0.0014   0.0005   0.0005   0.0005
-14.5698   0.0015   0.0005   0.0005   0.0005
-14.5448   0.0015   0.0005   0.0005   0.0005
-14.5198   0.0015   0.0005   0.0005   0.0005
-14.4947   0.0015   0.0005   0.0005   0.0005
-14.4697   0.0015   0.0005   0.0005   0.0005
-14.4447   0.0015   0.0005   0.0005   0.0005
-14.4197   0.0015   0.0005   0.0005   0.0005
-14.3947   0.0015   0.0005   0.0005   0.0005
-14.3697   0.0015   0.0005   0.0005   0.0005
-14.3447   0.0015   0.0005   0.0005   0.0005
-14.3197   0.0015   0.0005   0.0005   0.0005
-14.2946   0.0015   0.0005   0.0005   0.0005
-14.2696   0.0016   0.0005   0.0005   0.0005
-14.2446   0.0016   0.0005   0.0005   0.0005
-14.2196   0.0016   0.0005   0.0005   0.0005
-14.1946   0.0016   0.0005   0.0005   0.0005
-14.1696   0.0016   0.0005   0.0005   0.0005
-14.1446   0.0016   0.0005   0.0005   0.0005
-14.1196   0.0016   0.0005   0.0005   0.0005
-14.0945   0.0016   0.0005   0.0005   0.0005
-14.0695   0.0016   0.0005   0.0005   0.0005
-14.0445   0.0016   0.0005   0.0005   0.0005
-14.0195   0.0016   0.0005   0.0005   0.0005
-13.9945   0.0017   0.0006   0.0006   0.0006
-13.9695   0.0017   0.0006   0.0006   0.0006
-13.9445   0.0017   0.0006   0.0006   0.0006
-13.9195   0.0017   0.0006   0.0006   0.0006
-13.8944   0.0017   0.0006   0.0006   0.0006
-13.8694   0.0017   0.0006   0.0006   0.0006
-13.8444   0.0017   0.0006   0.0006   0.0006
-13.8194   0.0017   0.0006   0.0006   0.0006
-13.7944   0.0017   0.0006   0.0006   0.0006
-13.7694   0.0017   0.0006   0.0006   0.0006
-13.7444   0.0018   0.0006   0.0006   0.0006
-13.7194   0.0018   0.0006   0.0006   0.0006
-13.6943   0.0018   0.0006   0.0006   0.0006
-13.6693   0.0018   0.0006   0.0006   0.0006
-13.6443   0.0018   0.0006   0.0006   0.0006
-13.6193   0.0018   0.0006   0.0006   0.0006
-13.5943   0.0018   0.0006   0.0006   0.0006
-13.5693   0.0018   0.0006   0.0006   0.0006
-13.5443   0.0018   0.0006   0.0006   0.0006
-13.5193   0.0019   0.0006   0.0006   0.0006
-13.4942   0.0019   0.0006   0.0006   0.0006
-13.4692   0.0019   0.0006   0.0006   0.0006
-13.4442   0.0019   0.0006   0.0006   0.0006
-13.4192   0.0019   0.0006   0.0006   0.0006
-13.3942   0.0019   0.0006   0.0006   0.0006
-13.3692   0.0019   0.0006   0.0006   0.0006
-13.3442   0.0019   0.0006   0.0006   0.0006
-13.3192   0.0020   0.0007   0.0007   0.0007
-13.2941   0.0020   0.0007   0.0007   0.0007
-13.2691   0.0020   0.0007   0.0007   0.0007
-13.2441   0.0020   0.0007   0.0007   0.0007
-13.2191   0.0020   0.0007   0.0007   0.0007
-13.1941   0.0020   0.0007   0.0007   0.0007
-13.1691   0.0020   0.0007   0.0007   0.0007
-13.1441   0.0020   0.0007   0.0007   0.0007
-13.1191   0.0021   0.0007   0.0007   0.0007
-13.0940   0.0021   0.0007   0.0007   0.0007
-13.0690   0.0021   0.0007   0.0007   0.0007
-13.0440   0.0021   0.0007   0.0007   0.0007
-13.0190   0.0021   0.0007   0.0007   0.0007
-12.9940   0.0021   0.0007   0.0007   0.0007
-12.9690   0.0021   0.0007   0.0007   0.0007
-12.9440   0.0022   0.0007   0.0007   0.0007
-12.9190   0.0022   0.0007   0.0007   0.0007
-12.8939   0.0022   0.0007   0.0007   0.0007
-12.8689   0.0022   0.0007   0.0007   0.0007
-12.8439   0.0022   0.0007   0.0007   0.0007
-12.8189   0.0022   0.0007   0.0007   0.0007
-12.7939   0.0022   0.0007   0.0007   0.0007
-12.7689   0.0023   0.0008   0.0008   0.0008
-12.7439   0.0023   0.0008   0.0008   0.0008
-12.7189   0.0023   0.0008   0.0008   0.0008
-12.6938   0.0023   0.0008   0.0008   0.0008
-12.6688   0.0023   0.0008   0.0008   0.0008
-12.6438   0.0023   0.0008   0.0008   0.0008
-12.6188   0.0024   0.0008   0.0008   0.0008
-12.5938   0.0024   0.0008   0.0008   0.0008
-12.5688   0.0024   0.0008   0.0008   0.0008
-12.5438   0.0024   0.0008   0.0008   0.0008
-12.5188   0.0024   0.0008   0.0008   0.0008
-12.4937   0.0024   0.0008   0.0008   0.0008
-12.4687   0.0025   0.0008   0.0008   0.0008
-12.4437   0.0025   0.0008   0.0008   0.0008
-12.4187   0.0025   0.0008   0.0008   0.0008
-12.3937   0.0025   0.0008   0.0008   0.0008
-12.3687   0.0025   0.0008   0.0008   0.0008
-12.3437   0.0026   0.0009   0.0009   0.0009
-12.3187   0.0026   0.0009   0.0009   0.0009
-12.2936   0.0026   0.0009   0.0009   0.0009
-12.2686   0.0026   0.0009   0.0009   0.0009
-12.2436   0.0026   0.0009   0.0009   0.0009
-12.2186   0.0027   0.0009   0.0009   0.0009
-12.1936   0.0027   0.0009   0.0009   0.0009
-12.1686   0.0027   0.0009   0.0009   0.0009
-12.1436   0.0027   0.0009   0.0009   0.0009
-12.1186   0.0027   0.0009   0.0009   0.0009
-12.0935   0.0028   0.0009   0.0009   0.0009
-12.0685   0.0028   0.0009   0.0009   0.0009
-12.0435   0.0028   0.0009   0.0009   0.0009
-12.0185   0.0028   0.0009   0.0009   0.0009
-11.9935   0.0028   0.0009   0.0009   0.0009
-11.9685   0.0029   0.0010   0.0010   0.0010
-11.9435   0.0029   0.0010   0.0010   0.0010
-11.9185   0.0029   0.0010   0.0010   0.0010
-11.8934   0.0029   0.0010   0.0010   0.0010
-11.8684   0.0030   0.0010   0.0010   0.0010
-11.8434   0.0030   0.0010   0.0010   0.0010
-11.8184   0.0030   0.0010   0.0010   0.0010
-11.7934   0.0030   0.0010   0.0010   0.0010
-11.7684   0.0031   0.0010   0.0010   0.0010
-11.7434   0.0031   0.0010   0.0010   0.0010
-11.7184   0.0031   0.0010   0.0010   0.0010
-11.6933   0.0031   0.0010   0.0010   0.0010
-11.6683   0.0032   0.0011   0.0011   0.0011
-11.6433   0.0032   0.0011   0.0011   0.0011
-11.6183   0.0032   0.0011   0.0011   0.0011
-11.5933   0.0032   0.0011   0.0011   0.0011
-11.5683   0.0033   0.0011   0.0011   0.0011
-11.5433   0.0033   0.0011   0.0011   0.0011
-11.5183   0.0033   0.0011   0.0011   0.0011
-11.4932   0.0034   0.0011   0.0011   0.0011
-11.4682   0.0034   0.0011   0.0011   0.0011
-11.4432   0.0034   0.0011   0.0011   0.0011
-11.4182   0.0034   0.0011   0.0011   0.0011
-11.3932   0.0035   0.0012   0.0012   0.0012
-11.3682   0.0035   0.0012   0.0012   0.0012
-11.3432   0.0035   0.0012   0.0012   0.0012
-11.3182   0.0036   0.0012   0.0012   0.0012
-11.2931   0.0036   0.0012   0.0012   0.0012
-11.2681   0.0036   0.0012   0.0012   0.0012
-11.2431   0.0037   0.0012   0.0012   0.0012
-11.2181   0.0037   0.0012   0.0012   0.0012
-11.1931   0.0037   0.0012   0.0012   0.0012
-11.1681   0.0038   0.0013   0.0013   0.0013
-11.1431   0.0038   0.0013   0.0013   0.0013
-11.1181   0.0038   0.0013   0.0013   0.0013
-11.0930   0.0039   0.0013   0.0013   0.0013
-11.0680   0.0039   0.0013   0.0013   0.0013
-11.0430   0.0039   0.0013   0.0013   0.0013
-11.0180   0.0040   0.0013   0.0013   0.0013
-10.9930   0.0040   0.0013   0.0013   0.0013
-10.9680   0.0041   0.0014   0.0014   0.0014
-10.9430   0.0041   0.0014   0.0014   0.0014
-10.9180   0.0041   0.0014   0.0014   0.0014
-10.8929   0.0042   0.0014   0.0014   0.0014
-10.8679   0.0042   0.0014   0.0014   0.0014
-10.8429   0.0043   0.0014   0.0014   0.0014
-10.8179   0.0043   0.0014   0.0014   0.0014
-10.7929   0.0043   0.0014   0.0014   0.0014
-10.7679   0.0044   0.0015   0.0015   0.0015
-10.7429   0.0044   0.0015   0.0015   0.0015
-10.7179   0.0045   0.0015   0.0015   0.0015
-10.6928   0.0045   0.0015   0.0015   0.0015
-10.6678   0.0046   0.0015   0.0015   0.0015
-10.6428   0.0046   0.0015   0.0015   0.0015
-10.6178   0.0047   0.0016   0.0016   0.0016
-10.5928   0.0047   0.0016   0.0016   0.0016
-10.5678   0.0047   0.0016   0.0016   0.0016
-10.5428   0.0048   0.0016   0.0016   0.0016
-10.5178   0.0048   0.0016   0.0016   0.0016
-10.4927   0.0049   0.0016   0.0016   0.0016
-10.4677   0.0049   0.0016   0.0016   0.0016
-10.4427   0.0050   0.0017   0.0017   0.0017
-10.4177   0.0051   0.0017   0.0017   0.0017
-10.3927   0.0051   0.0017   0.0017   0.0017
-10.3677   0.0052   0.0017   0.0017   0.0017
-10.3427   0.0052   0.0017   0.0017   0.0017
-10.3177   0.0053   0.0018   0.0018   0.0018
-10.2926   0.0053   0.0018   0.0018   0.0018
-10.2676   0.0054   0.0018   0.0018   0.0018
-10.2426   0.0055   0.0018   0.0018   0.0018
-10.2176   0.0055   0.0018   0.0018   0.0018
-10.1926   0.0056   0.0019   0.0019   0.0019
-10.1676   0.0056   0.0019   0.0019   0.0019
-10.1426   0.0057   0.0019   0.0019   0.0019
-10.1176   0.0058   0.0019   0.0019   0.0019
-10.0925   0.0058   0.0019   0.0019   0.0019
-10.0675   0.0059   0.0020   0.0020   0.0020
-10.0425   0.0060   0.0020   0.0020   0.0020
-10.0175   0.0060   0.0020   0.0020   0.0020
 -9.9925   0.0061   0.0020   0.0020   0.0020
 -9.9675   0.0062   0.0021   0.0021   0.0021
 -9.9425   0.0063   0.0021   0.0021   0.0021
 -9.9175   0.0063   0.0021   0.0021   0.0021
 -9.8924   0.0064   0.0021   0.0021   0.0021
 -9.8674   0.0065   0.0022   0.0022   0.0022
 -9.8424   0.0066   0.0022   0.0022   0.0022
 -9.8174   0.0067   0.0022   0.0022   0.0022
 -9.7924   0.0067   0.0022   0.0022   0.0022
 -9.7674   0.0068   0.0023   0.0023   0.0023
 -9.7424   0.0069   0.0023   0.0023   0.0023
 -9.7174   0.0070   0.0023   0.0023   0.0023
 -9.6923   0.0071   0.0024   0.0024   0.0024
 -9.6673   0.0072   0.0024   0.0024   0.0024
 -9.6423   0.0073   0.0024   0.0024   0.0024
 -9.6173   0.0074   0.0025   0.0025   0.0025
 -9.5923   0.0075   0.0025   0.0025   0.0025
 -9.5673   0.0076   0.0025   0.0025   0.0025
 -9.5423   0.0077   0.0026   0.0026   0.0026
 -9.5173   0.0078   0.0026   0.0026   0.0026
 -9.4922   0.0079   0.0026   0.0026   0.0026
 -9.4672   0.0080   0.0027   0.0027   0.0027
 -9.4422   0.0081   0.0027   0.0027   0.0027
 -9.4172   0.0082   0.0027   0.0027   0.0027
 -9.3922   0.0083   0.0028   0.0028   0.0028
 -9.3672   0.0084   0.0028   0.0028   0.0028
 -9.3422   0.0085   0.0028   0.0028   0.0028
 -9.3172   0.0087   0.0029   0.0029   0.0029
 -9.2921   0.0088   0.0029   0.0029   0.0029
 -9.2671   0.0089   0.0030   0.0030   0.0030
 -9.2421   0.0090   0.0030   0.0030   0.0030
 -9.2171   0.0092   0.0031   0.0031   0.0031
 -9.1921   0.0093   0.0031   0.0031   0.0031
 -9.1671   0.0094   0.0031   0.0031   0.0031
 -9.1421   0.0096   0.0032   0.0032   0.0032
 -9.1171   0.0097   0.0032   0.0032   0.0032
 -9.0920   0.0099   0.0033   0.0033   0.0033
 -9.0670   0.0100   0.0033   0.0033   0.0033
 -9.0420   0.0102   0.0034   0.0034   0.0034
 -9.0170   0.0103   0.0034   0.0034   0.0034
 -8.9920   0.0105   0.0035   0.0035   0.0035
 -8.9670   0.0107   0.0036   0.0036   0.0036
 -8.9420   0.0108   0.0036   0.0036   0.0036
 -8.9170   0.0110   0.0037   0.0037   0.0037
 -8.8919   0.0112   0.0037   0.0037   0.0037
 -8.8669   0.0114   0.0038   0.0038   0.0038
 -8.8419   0.0116   0.0039   0.0039   0.0039
 -8.8169   0.0118   0.0039   0.0039   0.0039
 -8.7919   0.0120   0.0040   0.0040   0.0040
 -8.7669   0.0122   0.0041   0.0041   0.0041
 -8.7419   0.0124   0.0041   0.0041   0.0041
 -8.7169   0.0126   0.0042   0.0042   0.0042
 -8.6918   0.0128   0.0043   0.0043   0.0043
 -8.6668   0.0130   0.0043   0.0043   0.0043
 -8.6418   0.0133   0.0044   0.0044   0.0044
 -8.6168   0.0135   0.0045   0.0045   0.0045
 -8.5918   0.0137   0.0046   0.0046   0.0046
 -8.5668   0.0140   0.0047   0.0047   0.0047
 -8.5418   0.0142   0.0047   0.0047   0.0048
 -8.5168   0.0145   0.0048   0.0048   0.0048
 -8.4917   0.0148   0.0049   0.0049   0.0049
 -8.4667   0.0151   0.0050   0.0050   0.0050
 -8.4417   0.0154   0.0051   0.0051   0.0051
 -8.4167   0.0157   0.0052   0.0052   0.0052
 -8.3917   0.0160   0.0053   0.0053   0.0053
 -8.3667   0.0163   0.0054   0.0054   0.0054
 -8.3417   0.0166   0.0055   0.0055   0.0055
 -8.3167   0.0169   0.0056   0.0056   0.0056
 -8.2916   0.0173   0.0058   0.0058   0.0058
 -8.2666   0.0176   0.0059   0.0059   0.0059
 -8.2416   0.0180   0.0060   0.0060   0.0060
 -8.2166   0.0184   0.0061   0.0061   0.0061
 -8.1916   0.0188   0.0063   0.0063   0.0063
 -8.1666   0.0192   0.0064   0.0064   0.0064
 -8.1416   0.0196   0.0065   0.0065   0.0065
 -8.1166   0.0200   0.0067   0.0067   0.0067
 -8.0915   0.0205   0.0068   0.0068   0.0068
 -8.0665   0.0209   0.0070   0.0070   0.0070
 -8.0415   0.0214   0.0071   0.0071   0.0071
 -8.0165   0.0219   0.0073   0.0073   0.0073
 -7.9915   0.0224   0.0075   0.0075   0.0075
 -7.9665   0.0230   0.0077   0.0077   0.0077
 -7.9415   0.0235   0.0078   0.0078   0.0078
 -7.9165   0.0241   0.0080   0.0080   0.0080
 -7.8914   0.0247   0.0082   0.0082   0.0082
 -7.8664   0.0253   0.0084   0.0084   0.0084
 -7.8414   0.0259   0.0086   0.0086   0.0087
 -7.8164   0.0266   0.0089   0.0089   0.0089
 -7.7914   0.0273   0.0091   0.0091   0.0091
 -7.7664   0.0280   0.0093   0.0093   0.0093
 -7.7414   0.0288   0.0096   0.0096   0.0096
 -7.7164   0.0295   0.0098   0.0098   0.0099
 -7.6913   0.0303   0.0101   0.0101   0.0101
 -7.6663   0.0312   0.0104   0.0104   0.0104
 -7.6413   0.0321   0.0107   0.0107   0.0107
 -7.6163   0.0330   0.0110   0.0110   0.0110
 -7.5913   0.0340   0.0113   0.0113   0.0113
 -7.5663   0.0350   0.0116   0.0116   0.0117
 -7.5413   0.0360   0.0120   0.0120   0.0120
 -7.5163   0.0371   0.0124   0.0124   0.0124
 -7.4912   0.0382   0.0127   0.0127   0.0128
 -7.4662   0.0395   0.0131   0.0131   0.0132
 -7.4412   0.0407   0.0136   0.0136   0.0136
 -7.4162   0.0420   0.0140   0.0140   0.0140
 -7.3912   0.0434   0.0145   0.0145   0.0145
 -7.3662   0.0449   0.0150   0.0150   0.0150
 -7.3412   0.0464   0.0155   0.0155   0.0155
 -7.3162   0.0480   0.0160   0.0160   0.0160
 -7.2911   0.0497   0.0166   0.0166   0.0166
 -7.2661   0.0515   0.0172   0.0172   0.0172
 -7.2411   0.0534   0.0178   0.0178   0.0178
 -7.2161   0.0554   0.0185   0.0185   0.0185
 -7.1911   0.0576   0.0192   0.0192   0.0192
 -7.1661   0.0598   0.0199   0.0199   0.0200
 -7.1411   0.0622   0.0207   0.0207   0.0208
 -7.1161   0.0647   0.0215   0.0215   0.0216
 -7.0910   0.0674   0.0224   0.0224   0.0225
 -7.0660   0.0702   0.0234   0.0234   0.0235
 -7.0410   0.0733   0.0244   0.0244   0.0245
 -7.0160   0.0765   0.0255   0.0255   0.0256
 -6.9910   0.0800   0.0266   0.0266   0.0267
 -6.9660   0.0837   0.0278   0.0278   0.0280
 -6.9410   0.0876   0.0292   0.0292   0.0293
 -6.9160   0.0919   0.0306   0.0306   0.0307
 -6.8909   0.0964   0.0321   0.0321   0.0323
 -6.8659   0.1013   0.0337   0.0337   0.0339
 -6.8409   0.1066   0.0355   0.0355   0.0357
 -6.8159   0.1123   0.0374   0.0374   0.0376
 -6.7909   0.1185   0.0394   0.0394   0.0397
 -6.7659   0.1252   0.0417   0.0417   0.0419
 -6.7409   0.1325   0.0441   0.0441   0.0444
 -6.7159   0.1405   0.0467   0.0467   0.0470
 -6.6908   0.1491   0.0496   0.0496   0.0500
 -6.6658   0.1586   0.0527   0.0527   0.0531
 -6.6408   0.1690   0.0562   0.0562   0.0566
 -6.6158   0.1804   0.0599   0.0599   0.0605
 -6.5908   0.1930   0.0641   0.0641   0.0647
 -6.5658   0.2069   0.0687   0.0687   0.0695
 -6.5408   0.2224   0.0739   0.0739   0.0747
 -6.5158   0.2396   0.0796   0.0796   0.0805
 -6.4907   0.2588   0.0859   0.0859   0.0870
 -6.4657   0.2803   0.0930   0.0930   0.0942
 -6.4407   0.3045   0.1010   0.1010   0.1024
 -6.4157   0.3318   0.1100   0.1100   0.1117
 -6.3907   0.3627   0.1203   0.1203   0.1222
 -6.3657   0.3978   0.1319   0.1319   0.1341
 -6.3407   0.4379   0.1451   0.1451   0.1477
 -6.3157   0.4839   0.1603   0.1603   0.1633
 -6.2906   0.5367   0.1777   0.1777   0.1813
 -6.2656   0.5975   0.1978   0.1978   0.2020
 -6.2406   0.6679   0.2210   0.2210   0.2259
 -6.2156   0.7493   0.2478   0.2478   0.2536
 -6.1906   0.8435   0.2789   0.2789   0.2857
 -6.1656   0.9522   0.3149   0.3149   0.3225
 -6.1406   1.0768   0.3561   0.3561   0.3646
 -6.1156   1.2181   0.4030   0.4030   0.4122
 -6.0905   1.3754   0.4554   0.4554   0.4646
 -6.0655   1.5456   0.5125   0.5125   0.5206
 -6.0405   1.7221   0.5722   0.5722   0.5778
 -6.0155   1.8943   0.6311   0.6311   0.6321
 -5.9905   2.0473   0.6842   0.6842   0.6788
 -5.9655   2.1645   0.7258   0.7258   0.7129
 -5.9405   2.2309   0.7502   0.7502   0.7304
 -5.9155   2.2369   0.7537   0.7537   0.7295
 -5.8904   2.1817   0.7356   0.7356   0.7106
 -5.8654   2.0732   0.6986   0.6986   0.6761
 -5.8404   1.9259   0.6479   0.6479   0.6300
 -5.8154   1.7563   0.5898   0.5898   0.5768
 -5.7904   1.5799   0.5295   0.5295   0.5209
 -5.7654   1.4081   0.4712   0.4712   0.4657
 -5.7404   1.2483   0.4172   0.4172   0.4138
 -5.7154   1.1040   0.3687   0.3687   0.3666
 -5.6903   0.9765   0.3259   0.3259   0.3246
 -5.6653   0.8650   0.2886   0.2886   0.2877
 -5.6403   0.7683   0.2564   0.2564   0.2556
 -5.6153   0.6848   0.2285   0.2285   0.2278
 -5.5903   0.6126   0.2044   0.2044   0.2038
 -5.5653   0.5502   0.1836   0.1836   0.1830
 -5.5403   0.4961   0.1655   0.1655   0.1650
 -5.5153   0.4491   0.1499   0.1499   0.1494
 -5.4902   0.4082   0.1362   0.1362   0.1357
 -5.4652   0.3723   0.1243   0.1243   0.1238
 -5.4402   0.3409   0.1138   0.1138   0.1133
 -5.4152   0.3132   0.1045   0.1045   0.1041
 -5.3902   0.2886   0.0963   0.0963   0.0960
 -5.3652   0.2669   0.0891   0.0891   0.0887
 -5.3402   0.2475   0.0826   0.0826   0.0823
 -5.3152   0.2302   0.0768   0.0768   0.0765
 -5.2901   0.2146   0.0716   0.0716   0.0714
 -5.2651   0.2007   0.0670   0.0670   0.0667
 -5.2401   0.1881   0.0628   0.0628   0.0626
 -5.2151   0.1767   0.0590   0.0590   0.0588
 -5.1901   0.1664   0.0555   0.0555   0.0554
 -5.1651   0.1571   0.0524   0.0524   0.0523
 -5.1401   0.1486   0.0496   0.0496   0.0495
 -5.1151   0.1408   0.0470   0.0470   0.0469
 -5.0900   0.1338   0.0446   0.0446   0.0446
 -5.0650   0.1273   0.0424   0.0424   0.0424
 -5.0400   0.1214   0.0404   0.0404   0.0405
 -5.0150   0.1159   0.0386   0.0386   0.0387
 -4.9900   0.1110   0.0370   0.0370   0.0371
 -4.9650   0.1064   0.0354   0.0354   0.0355
 -4.9400   0.1022   0.0340   0.0340   0.0342
 -4.9150   0.0984   0.0327   0.0327   0.0329
 -4.8899   0.0948   0.0315   0.0315   0.0317
 -4.8649   0.0916   0.0304   0.0304   0.0307
 -4.8399   0.0886   0.0294   0.0294   0.0297
 -4.8149   0.0859   0.0285   0.0285   0.0288
 -4.7899   0.0834   0.0277   0.0277   0.0280
 -4.7649   0.0812   0.0269   0.0269   0.0273
 -4.7399   0.0791   0.0262   0.0262   0.0267
 -4.7149   0.0773   0.0256   0.0256   0.0261
 -4.6898   0.0756   0.0250   0.0250   0.0256
 -4.6648   0.0742   0.0245   0.0245   0.0251
 -4.6398   0.0729   0.0241   0.0241   0.0247
 -4.6148   0.0718   0.0237   0.0237   0.0244
 -4.5898   0.0708   0.0234   0.0234   0.0241
 -4.5648   0.0701   0.0231   0.0231   0.0239
 -4.5398   0.0695   0.0229   0.0229   0.0237
 -4.5148   0.0691   0.0227   0.0227   0.0237
 -4.4897   0.0688   0.0226   0.0226   0.0236
 -4.4647   0.0688   0.0226   0.0226   0.0237
 -4.4397   0.0689   0.0226   0.0226   0.0238
 -4.4147   0.0693   0.0226   0.0226   0.0240
 -4.3897   0.0698   0.0228   0.0228   0.0243
 -4.3647   0.0706   0.0230   0.0230   0.0246
 -4.3397   0.0716   0.0233   0.0233   0.0250
 -4.3147   0.0729   0.0236   0.0236   0.0256
 -4.2896   0.0744   0.0241   0.0241   0.0262
 -4.2646   0.0763   0.0246   0.0246   0.0270
 -4.2396   0.0785   0.0253   0.0253   0.0279
 -4.2146   0.0811   0.0261   0.0261   0.0290
 -4.1896   0.0842   0.0270   0.0270   0.0302
 -4.1646   0.0877   0.0280   0.0280   0.0316
 -4.1396   0.0918   0.0293   0.0293   0.0333
 -4.1146   0.0966   0.0307   0.0307   0.0352
 -4.0895   0.1021   0.0323   0.0323   0.0374
 -4.0645   0.1084   0.0342   0.0342   0.0400
 -4.0395   0.1158   0.0364   0.0364   0.0430
 -4.0145   0.1243   0.0390   0.0390   0.0464
 -3.9895   0.1343   0.0419   0.0419   0.0505
 -3.9645   0.1458   0.0453   0.0453   0.0551
 -3.9395   0.1592   0.0493   0.0493   0.0606
 -3.9145   0.1747   0.0539   0.0539   0.0669
 -3.8894   0.1928   0.0593   0.0593   0.0743
 -3.8644   0.2138   0.0655   0.0655   0.0829
 -3.8394   0.2379   0.0726   0.0726   0.0927
 -3.8144   0.2654   0.0808   0.0808   0.1038
 -3.7894   0.2961   0.0900   0.0900   0.1161
 -3.7644   0.3297   0.1002   0.1002   0.1294
 -3.7394   0.3650   0.1110   0.1110   0.1429
 -3.7144   0.4001   0.1221   0.1221   0.1558
 -3.6893   0.4325   0.1329   0.1329   0.1666
 -3.6643   0.4596   0.1427   0.1427   0.1742
 -3.6393   0.4789   0.1508   0.1508   0.1773
 -3.6143   0.4895   0.1569   0.1569   0.1757
 -3.5893   0.4912   0.1608   0.1608   0.1697
 -3.5643   0.4849   0.1622   0.1622   0.1605
 -3.5393   0.4712   0.1611   0.1611   0.1491
 -3.5143   0.4509   0.1572   0.1572   0.1366
 -3.4892   0.4249   0.1506   0.1506   0.1238
 -3.4642   0.3944   0.1415   0.1415   0.1114
 -3.4392   0.3611   0.1307   0.1307   0.0997
 -3.4142   0.3270   0.1190   0.1190   0.0890
 -3.3892   0.2938   0.1072   0.1072   0.0794
 -3.3642   0.2627   0.0959   0.0959   0.0709
 -3.3392   0.2346   0.0856   0.0856   0.0634
 -3.3142   0.2095   0.0763   0.0763   0.0569
 -3.2891   0.1874   0.0681   0.0681   0.0513
 -3.2641   0.1681   0.0609   0.0609   0.0464
 -3.2391   0.1514   0.0546   0.0546   0.0421
 -3.2141   0.1368   0.0492   0.0492   0.0384
 -3.1891   0.1242   0.0445   0.0445   0.0351
 -3.1641   0.1132   0.0404   0.0404   0.0323
 -3.1391   0.1035   0.0369   0.0369   0.0298
 -3.1141   0.0951   0.0338   0.0338   0.0275
 -3.0890   0.0876   0.0310   0.0310   0.0256
 -3.0640   0.0811   0.0286   0.0286   0.0238
 -3.0390   0.0752   0.0265   0.0265   0.0222
 -3.0140   0.0700   0.0246   0.0246   0.0208
 -2.9890   0.0654   0.0229   0.0229   0.0196
 -2.9640   0.0612   0.0214   0.0214   0.0184
 -2.9390   0.0575   0.0201   0.0201   0.0174
 -2.9140   0.0541   0.0188   0.0188   0.0164
 -2.8889   0.0510   0.0177   0.0177   0.0155
 -2.8639   0.0482   0.0167   0.0167   0.0147
 -2.8389   0.0457   0.0158   0.0158   0.0140
 -2.8139   0.0433   0.0150   0.0150   0.0134
 -2.7889   0.0412   0.0142   0.0142   0.0127
 -2.7639   0.0392   0.0135   0.0135   0.0122
 -2.7389   0.0374   0.0129   0.0129   0.0116
 -2.7139   0.0357   0.0123   0.0123   0.0111
 -2.6888   0.0342   0.0118   0.0118   0.0107
 -2.6638   0.0328   0.0112   0.0112   0.0103
 -2.6388   0.0314   0.0108   0.0108   0.0099
 -2.6138   0.0302   0.0103   0.0103   0.0095
 -2.5888   0.0290   0.0099   0.0099   0.0092
 -2.5638   0.0279   0.0095   0.0095   0.0088
 -2.5388   0.0269   0.0092   0.0092   0.0085
 -2.5138   0.0259   0.0089   0.0089   0.0082
 -2.4887   0.0250   0.0085   0.0085   0.0080
 -2.4637   0.0242   0.0082   0.0082   0.0077
 -2.4387   0.0234   0.0080   0.0080   0.0075
 -2.4137   0.0226   0.0077   0.0077   0.0072
 -2.3887   0.0219   0.0075   0.0075   0.0070
 -2.3637   0.0213   0.0072   0.0072   0.0068
 -2.3387   0.0206   0.0070   0.0070   0.0066
 -2.3137   0.0200   0.0068   0.0068   0.0064
 -2.2886   0.0194   0.0066   0.0066   0.0062
 -2.2636   0.0189   0.0064   0.0064   0.0061
 -2.2386   0.0184   0.0062   0.0062   0.0059
 -2.2136   0.0179   0.0061   0.0061   0.0058
 -2.1886   0.0174   0.0059   0.0059   0.0056
 -2.1636   0.0170   0.0057   0.0057   0.0055
 -2.1386   0.0165   0.0056   0.0056   0.0053
 -2.1136   0.0161   0.0055   0.0055   0.0052
 -2.0885   0.0157   0.0053   0.0053   0.0051
 -2.0635   0.0153   0.0052   0.0052   0.0050
 -2.0385   0.0150   0.0051   0.0051   0.0049
 -2.0135   0.0146   0.0049   0.0049   0.0048
 -1.9885   0.0143   0.0048   0.0048   0.0046
 -1.9635   0.0140   0.0047   0.0047   0.0045
 -1.9385   0.0137   0.0046   0.0046   0.0044
 -1.9135   0.0134   0.0045   0.0045   0.0044
 -1.8884   0.0131   0.0044   0.0044   0.0043
 -1.8634   0.0128   0.0043   0.0043   0.0042
 -1.8384   0.0126   0.0042   0.0042   0.0041
 -1.8134   0.0123   0.0041   0.0041   0.0040
 -1.7884   0.0121   0.0041   0.0041   0.0039
 -1.7634   0.0118   0.0040   0.0040   0.0039
 -1.7384   0.0116   0.0039   0.0039   0.0038
 -1.7134   0.0114   0.0038   0.0038   0.0037
 -1.6883   0.0112   0.0038   0.0038   0.0037
 -1.6633   0.0110   0.0037   0.0037   0.0036
 -1.6383   0.0108   0.0036   0.0036   0.0035
 -1.6133   0.0106   0.0035   0.0035   0.0035
 -1.5883   0.0104   0.0035   0.0035   0.0034
 -1.5633   0.0102   0.0034   0.0034   0.0033
 -1.5383   0.0100   0.0034   0.0034   0.0033
 -1.5133   0.0098   0.0033   0.0033   0.0032
 -1.4882   0.0097   0.0033   0.0033   0.0032
 -1.4632   0.0095   0.0032   0.0032   0.0031
 -1.4382   0.0094   0.0031   0.0031   0.0031
 -1.4132   0.0092   0.0031   0.0031   0.0030
 -1.3882   0.0091   0.0030   0.0030   0.0030
 -1.3632   0.0089   0.0030   0.0030   0.0029
 -1.3382   0.0088   0.0029   0.0029   0.0029
 -1.3132   0.0086   0.0029   0.0029   0.0028
 -1.2881   0.0085   0.0029   0.0029   0.0028
 -1.2631   0.0084   0.0028   0.0028   0.0028
 -1.2381   0.0083   0.0028   0.0028   0.0027
 -1.2131   0.0081   0.0027   0.0027   0.0027
 -1.1881   0.0080   0.0027   0.0027   0.0026
 -1.1631   0.0079   0.0026   0.0026   0.0026
 -1.1381   0.0078   0.0026   0.0026   0.0026
 -1.1131   0.0077   0.0026   0.0026   0.0025
 -1.0880   0.0076   0.0025   0.0025   0.0025
 -1.0630   0.0075   0.0025   0.0025   0.0025
 -1.0380   0.0074   0.0025   0.0025   0.0024
 -1.0130   0.0073   0.0024   0.0024   0.0024
 -0.9880   0.0072   0.0024   0.0024   0.0024
 -0.9630   0.0071   0.0024   0.0024   0.0023
 -0.9380   0.0070   0.0023   0.0023   0.0023
 -0.9130   0.0069   0.0023   0.0023   0.0023
 -0.8879   0.0068   0.0023   0.0023   0.0023
 -0.8629   0.0067   0.0023   0.0023   0.0022
 -0.8379   0.0067   0.0022   0.0022   0.0022
 -0.8129   0.0066   0.0022   0.0022   0.0022
 -0.7879   0.0065   0.0022   0.0022   0.0022
 -0.7629   0.0064   0.0021   0.0021   0.0021
 -0.7379   0.0063   0.0021   0.0021   0.0021
 -0.7129   0.0063   0.0021   0.0021   0.0021
 -0.6878   0.0062   0.0021   0.0021   0.0021
 -0.6628   0.0061   0.0020   0.0020   0.0020
 -0.6378   0.0061   0.0020   0.0020   0.0020
 -0.6128   0.0060   0.0020   0.0020   0.0020
 -0.5878   0.0059   0.0020   0.0020   0.0020
 -0.5628   0.0059   0.0020   0.0020   0.0019
 -0.5378   0.0058   0.0019   0.0019   0.0019
 -0.5128   0.0057   0.0019   0.0019   0.0019
 -0.4877   0.0057   0.0019   0.0019   0.0019
 -0.4627   0.0056   0.0019   0.0019   0.0019
 -0.4377   0.0056   0.0019   0.0019   0.0019
 -0.4127   0.0055   0.0018   0.0018   0.0018
 -0.3877   0.0054   0.0018   0.0018   0.0018
 -0.3627   0.0054   0.0018   0.0018   0.0018
 -0.3377   0.0053   0.0018   0.0018   0.0018
 -0.3127   0.0053   0.0018   0.0018   0.0018
 -0.2876   0.0052   0.0017   0.0017   0.0018
 -0.2626   0.0052   0.0017   0.0017   0.0017
 -0.2376   0.0051   0.0017   0.0017   0.0017
 -0.2126   0.0051   0.0017   0.0017   0.0017
 -0.1876   0.0050   0.0017   0.0017   0.0017
 -0.1626   0.0050   0.0017   0.0017   0.0017
 -0.1376   0.0050   0.0016   0.0016   0.0017
 -0.1126   0.0049   0.0016   0.0016   0.0017
 -0.0875   0.0049   0.0016   0.0016   0.0016
 -0.0625   0.0048   0.0016   0.0016   0.0016
 -0.0375   0.0048   0.0016   0.0016   0.0016
 -0.0125   0.0048   0.0016   0.0016   0.0016
  0.0125   0.0047   0.0016   0.0016   0.0016
  0.0375   0.0047   0.0016   0.0016   0.0016
  0.0625   0.0046   0.0015   0.0015   0.0016
  0.0875   0.0046   0.0015   0.0015   0.0016
  0.1126   0.0046   0.0015   0.0015   0.0015
  0.1376   0.0045   0.0015   0.0015   0.0015
  0.1626   0.0045   0.0015   0.0015   0.0015
  0.1876   0.0045   0.0015   0.0015   0.0015
  0.2126   0.0045   0.0015   0.0015   0.0015
  0.2376   0.0044   0.0015   0.0015   0.0015
  0.2626   0.0044   0.0015   0.0015   0.0015
  0.2876   0.0044   0.0014   0.0014   0.0015
  0.3127   0.0043   0.0014   0.0014   0.0015
  0.3377   0.0043   0.0014   0.0014   0.0015
  0.3627   0.0043   0.0014   0.0014   0.0015
  0.3877   0.0043   0.0014   0.0014   0.0015
  0.4127   0.0043   0.0014   0.0014   0.0015
  0.4377   0.0042   0.0014   0.0014   0.0015
  0.4627   0.0042   0.0014   0.0014   0.0014
  0.4877   0.0042   0.0014   0.0014   0.0014
  0.5128   0.0042   0.0014   0.0014   0.0014
  0.5378   0.0042   0.0014   0.0014   0.0014
  0.5628   0.0041   0.0014   0.0014   0.0014
  0.5878   0.0041   0.0013   0.0013   0.0014
  0.6128   0.0041   0.0013   0.0013   0.0014
  0.6378   0.0041   0.0013   0.0013   0.0014
  0.6628   0.0041   0.0013   0.0013   0.0014
  0.6878   0.0041   0.0013   0.0013   0.0014
  0.7129   0.0041   0.0013   0.0013   0.0014
  0.7379   0.0041   0.0013   0.0013   0.0014
  0.7629   0.0041   0.0013   0.0013   0.0014
  0.7879   0.0041   0.0013   0.0013   0.0014
  0.8129   0.0041   0.0013   0.0013   0.0014
  0.8379   0.0041   0.0013   0.0013   0.0014
  0.8629   0.0041   0.0013   0.0013   0.0015
  0.8879   0.0041   0.0013   0.0013   0.0015
  0.9130   0.0041   0.0013   0.0013   0.0015
  0.9380   0.0041   0.0013   0.0013   0.0015
  0.9630   0.0041   0.0013   0.0013   0.0015
  0.9880   0.0041   0.0013   0.0013   0.0015
  1.0130   0.0042   0.0013   0.0013   0.0015
  1.0380   0.0042   0.0013   0.0013   0.0015
  1.0630   0.0042   0.0013   0.0013   0.0015
  1.0880   0.0042   0.0013   0.0013   0.0016
  1.1131   0.0043   0.0013   0.0013   0.0016
  1.1381   0.0043   0.0014   0.0014   0.0016
  1.1631   0.0044   0.0014   0.0014   0.0016
  1.1881   0.0044   0.0014   0.0014   0.0017
  1.2131   0.0045   0.0014   0.0014   0.0017
  1.2381   0.0046   0.0014   0.0014   0.0017
  1.2631   0.0046   0.0014   0.0014   0.0018
  1.2881   0.0047   0.0014   0.0014   0.0018
  1.3132   0.0048   0.0015   0.0015   0.0019
  1.3382   0.0049   0.0015   0.0015   0.0019
  1.3632   0.0050   0.0015   0.0015   0.0020
  1.3882   0.0052   0.0016   0.0016   0.0021
  1.4132   0.0053   0.0016   0.0016   0.0022
  1.4382   0.0055   0.0016   0.0016   0.0022
  1.4632   0.0057   0.0017   0.0017   0.0023
  1.4882   0.0060   0.0017   0.0017   0.0025
  1.5133   0.0062   0.0018   0.0018   0.0026
  1.5383   0.0065   0.0019   0.0019   0.0027
  1.5633   0.0069   0.0020   0.0020   0.0029
  1.5883   0.0072   0.0021   0.0021   0.0031
  1.6133   0.0077   0.0022   0.0022   0.0033
  1.6383   0.0082   0.0023   0.0023   0.0036
  1.6633   0.0088   0.0025   0.0025   0.0039
  1.6883   0.0095   0.0026   0.0026   0.0043
  1.7134   0.0103   0.0028   0.0028   0.0047
  1.7384   0.0113   0.0031   0.0031   0.0051
  1.7634   0.0124   0.0033   0.0033   0.0057
  1.7884   0.0137   0.0037   0.0037   0.0063
  1.8134   0.0151   0.0040   0.0040   0.0070
  1.8384   0.0167   0.0044   0.0044   0.0079
  1.8634   0.0185   0.0049   0.0049   0.0087
  1.8884   0.0203   0.0053   0.0053   0.0097
  1.9135   0.0221   0.0058   0.0058   0.0106
  1.9385   0.0238   0.0062   0.0062   0.0114
  1.9635   0.0250   0.0065   0.0065   0.0120
  1.9885   0.0256   0.0066   0.0066   0.0123
  2.0135   0.0255   0.0066   0.0066   0.0123
  2.0385   0.0248   0.0064   0.0064   0.0119
  2.0635   0.0235   0.0061   0.0061   0.0112
  2.0885   0.0218   0.0057   0.0057   0.0104
  2.1136   0.0199   0.0052   0.0052   0.0095
  2.1386   0.0181   0.0048   0.0048   0.0086
  2.1636   0.0163   0.0043   0.0043   0.0077
  2.1886   0.0147   0.0039   0.0039   0.0069
  2.2136   0.0133   0.0036   0.0036   0.0062
  2.2386   0.0120   0.0032   0.0032   0.0055
  2.2636   0.0109   0.0030   0.0030   0.0050
  2.2886   0.0100   0.0027   0.0027   0.0045
  2.3137   0.0092   0.0025   0.0025   0.0041
  2.3387   0.0085   0.0024   0.0024   0.0037
  2.3637   0.0079   0.0022   0.0022   0.0034
  2.3887   0.0074   0.0021   0.0021   0.0032
  2.4137   0.0069   0.0020   0.0020   0.0029
  2.4387   0.0065   0.0019   0.0019   0.0027
  2.4637   0.0062   0.0018   0.0018   0.0026
  2.4887   0.0059   0.0017   0.0017   0.0024
  2.5138   0.0056   0.0017   0.0017   0.0023
  2.5388   0.0053   0.0016   0.0016   0.0021
  2.5638   0.0051   0.0015   0.0015   0.0020
  2.5888   0.0049   0.0015   0.0015   0.0019
  2.6138   0.0048   0.0015   0.0015   0.0019
  2.6388   0.0046   0.0014   0.0014   0.0018
  2.6638   0.0045   0.0014   0.0014   0.0017
  2.6888   0.0044   0.0014   0.0014   0.0016
  2.7139   0.0043   0.0014   0.0014   0.0016
  2.7389   0.0042   0.0013   0.0013   0.0015
  2.7639   0.0041   0.0013   0.0013   0.0015
  2.7889   0.0040   0.0013   0.0013   0.0014
  2.8139   0.0040   0.0013   0.0013   0.0014
  2.8389   0.0039   0.0013   0.0013   0.0013
  2.8639   0.0039   0.0013   0.0013   0.0013
  2.8889   0.0039   0.0013   0.0013   0.0013
  2.9140   0.0038   0.0013   0.0013   0.0013
  2.9390   0.0038   0.0013   0.0013   0.0012
  2.9640   0.0038   0.0013   0.0013   0.0012
  2.9890   0.0038   0.0013   0.0013   0.0012
  3.0140   0.0038   0.0013   0.0013   0.0012
  3.0390   0.0038   0.0013   0.0013   0.0011
  3.0640   0.0038   0.0013   0.0013   0.0011
  3.0890   0.0038   0.0014   0.0014   0.0011
  3.1141   0.0038   0.0014   0.0014   0.0011
  3.1391   0.0039   0.0014   0.0014   0.0011
  3.1641   0.0039   0.0014   0.0014   0.0010
  3.1891   0.0040   0.0015   0.0015   0.0010
  3.2141   0.0041   0.0015   0.0015   0.0010
  3.2391   0.0042   0.0016   0.0016   0.0010
  3.2641   0.0043   0.0016   0.0016   0.0010
  3.2891   0.0044   0.0017   0.0017   0.0010
  3.3142   0.0045   0.0018   0.0018   0.0010
  3.3392   0.0047   0.0018   0.0018   0.0010
  3.3642   0.0049   0.0019   0.0019   0.0010
  3.3892   0.0051   0.0021   0.0021   0.0010
  3.4142   0.0053   0.0022   0.0022   0.0010
  3.4392   0.0056   0.0023   0.0023   0.0010
  3.4642   0.0059   0.0025   0.0025   0.0009
  3.4892   0.0063   0.0027   0.0027   0.0009
  3.5143   0.0068   0.0029   0.0029   0.0009
  3.5393   0.0073   0.0032   0.0032   0.0009
  3.5643   0.0080   0.0035   0.0035   0.0009
  3.5893   0.0087   0.0039   0.0039   0.0009
  3.6143   0.0095   0.0043   0.0043   0.0009
  3.6393   0.0105   0.0048   0.0048   0.0009
  3.6643   0.0115   0.0053   0.0053   0.0010
  3.6893   0.0126   0.0058   0.0058   0.0010
  3.7144   0.0138   0.0064   0.0064   0.0010
  3.7394   0.0149   0.0070   0.0070   0.0010
  3.7644   0.0158   0.0074   0.0074   0.0010
  3.7894   0.0165   0.0077   0.0077   0.0010
  3.8144   0.0167   0.0079   0.0079   0.0010
  3.8394   0.0165   0.0077   0.0077   0.0010
  3.8644   0.0159   0.0074   0.0074   0.0011
  3.8894   0.0150   0.0070   0.0070   0.0011
  3.9145   0.0139   0.0064   0.0064   0.0011
  3.9395   0.0128   0.0058   0.0058   0.0011
  3.9645   0.0117   0.0053   0.0053   0.0012
  3.9895   0.0107   0.0047   0.0047   0.0012
  4.0145   0.0098   0.0042   0.0042   0.0013
  4.0395   0.0090   0.0038   0.0038   0.0013
  4.0645   0.0083   0.0035   0.0035   0.0014
  4.0895   0.0078   0.0031   0.0031   0.0015
  4.1146   0.0073   0.0029   0.0029   0.0016
  4.1396   0.0070   0.0026   0.0026   0.0017
  4.1646   0.0067   0.0024   0.0024   0.0019
  4.1896   0.0065   0.0022   0.0022   0.0020
  4.2146   0.0063   0.0021   0.0021   0.0022
  4.2396   0.0062   0.0019   0.0019   0.0024
  4.2646   0.0061   0.0018   0.0018   0.0025
  4.2896   0.0061   0.0017   0.0017   0.0027
  4.3147   0.0060   0.0016   0.0016   0.0028
  4.3397   0.0059   0.0015   0.0015   0.0028
  4.3647   0.0057   0.0015   0.0015   0.0028
  4.3897   0.0055   0.0014   0.0014   0.0027
  4.4147   0.0053   0.0013   0.0013   0.0026
  4.4397   0.0050   0.0013   0.0013   0.0025
  4.4647   0.0048   0.0012   0.0012   0.0023
  4.4897   0.0045   0.0012   0.0012   0.0021
  4.5148   0.0042   0.0012   0.0012   0.0019
  4.5398   0.0040   0.0011   0.0011   0.0018
  4.5648   0.0038   0.0011   0.0011   0.0016
  4.5898   0.0036   0.0011   0.0011   0.0015
  4.6148   0.0035   0.0010   0.0010   0.0014
  4.6398   0.0033   0.0010   0.0010   0.0013
  4.6648   0.0032   0.0010   0.0010   0.0013
  4.6898   0.0031   0.0010   0.0010   0.0012
  4.7149   0.0030   0.0009   0.0009   0.0011
  4.7399   0.0029   0.0009   0.0009   0.0011
  4.7649   0.0028   0.0009   0.0009   0.0010
  4.7899   0.0028   0.0009   0.0009   0.0010
  4.8149   0.0027   0.0009   0.0009   0.0010
  4.8399   0.0026   0.0009   0.0009   0.0009
  4.8649   0.0026   0.0008   0.0008   0.0009
  4.8899   0.0025   0.0008   0.0008   0.0009
  4.9150   0.0025   0.0008   0.0008   0.0009
  4.9400   0.0025   0.0008   0.0008   0.0008
  4.9650   0.0024   0.0008   0.0008   0.0008
  4.9900   0.0024   0.0008   0.0008   0.0008
  5.0150   0.0024   0.0008   0.0008   0.0008
  5.0400   0.0023   0.0008   0.0008   0.0008
  5.0650   0.0023   0.0008   0.0008   0.0008
  5.0900   0.0023   0.0008   0.0008   0.0008
  5.1151   0.0023   0.0008   0.0008   0.0008
  5.1401   0.0022   0.0007   0.0007   0.0007
  5.1651   0.0022   0.0007   0.0007   0.0007
  5.1901   0.0022   0.0007   0.0007   0.0007
  5.2151   0.0022   0.0007   0.0007   0.0007
  5.2401   0.0022   0.0007   0.0007   0.0007
  5.2651   0.0021   0.0007   0.0007   0.0007
  5.2901   0.0021   0.0007   0.0007   0.0007
  5.3152   0.0021   0.0007   0.0007   0.0007
  5.3402   0.0021   0.0007   0.0007   0.0007
  5.3652   0.0021   0.0007   0.0007   0.0007
  5.3902   0.0021   0.0007   0.0007   0.0007
  5.4152   0.0021   0.0007   0.0007   0.0007
  5.4402   0.0021   0.0007   0.0007   0.0007
  5.4652   0.0020   0.0007   0.0007   0.0007
  5.4902   0.0020   0.0007   0.0007   0.0007
  5.5153   0.0020   0.0007   0.0007   0.0007
  5.5403   0.0020   0.0007   0.0007   0.0007
  5.5653   0.0020   0.0007   0.0007   0.0007
  5.5903   0.0020   0.0007   0.0007   0.0007
  5.6153   0.0020   0.0007   0.0007   0.0007
  5.6403   0.0020   0.0007   0.0007   0.0007
  5.6653   0.0020   0.0007   0.0007   0.0007
  5.6903   0.0020   0.0007   0.0007   0.0007
  5.7154   0.0020   0.0007   0.0007   0.0006
  5.7404   0.0020   0.0007   0.0007   0.0006
  5.7654   0.0020   0.0007   0.0007   0.0006
  5.7904   0.0020   0.0007   0.0007   0.0006
  5.8154   0.0020   0.0007   0.0007   0.0006
  5.8404   0.0020   0.0007   0.0007   0.0006
  5.8654   0.0020   0.0007   0.0007   0.0006
  5.8904   0.0019   0.0007   0.0007   0.0006
  5.9155   0.0019   0.0007   0.0007   0.0006
  5.9405   0.0019   0.0007   0.0007   0.0006
  5.9655   0.0019   0.0007   0.0007   0.0006
  5.9905   0.0019   0.0007   0.0007   0.0006
  6.0155   0.0019   0.0007   0.0007   0.0006
  6.0405   0.0019   0.0006   0.0006   0.0006
  6.0655   0.0019   0.0006   0.0006   0.0006
  6.0905   0.0019   0.0006   0.0006   0.0006
  6.1156   0.0019   0.0006   0.0006   0.0006
  6.1406   0.0019   0.0006   0.0006   0.0006
  6.1656   0.0019   0.0006   0.0006   0.0006
  6.1906   0.0019   0.0006   0.0006   0.0006
  6.2156   0.0019   0.0006   0.0006   0.0006
  6.2406   0.0019   0.0006   0.0006   0.0006
  6.2656   0.0019   0.0006   0.0006   0.0006
  6.2906   0.0019   0.0006   0.0006   0.0006
  6.3157   0.0019   0.0006   0.0006   0.0006
  6.3407   0.0019   0.0007   0.0007   0.0006
  6.3657   0.0019   0.0007   0.0007   0.0006
  6.3907   0.0019   0.0007   0.0007   0.0006
  6.4157   0.0019   0.0007   0.0007   0.0006
  6.4407   0.0020   0.0007   0.0007   0.0006
  6.4657   0.0020   0.0007   0.0007   0.0006
  6.4907   0.0020   0.0007   0.0007   0.0006
  6.5158   0.0020   0.0007   0.0007   0.0006
  6.5408   0.0020   0.0007   0.0007   0.0007
  6.5658   0.0020   0.0007   0.0007   0.0007
  6.5908   0.0020   0.0007   0.0007   0.0007
  6.6158   0.0020   0.0007   0.0007   0.0007
  6.6408   0.0020   0.0007   0.0007   0.0007
  6.6658   0.0020   0.0007   0.0007   0.0007
  6.6908   0.0020   0.0007   0.0007   0.0007
  6.7159   0.0020   0.0007   0.0007   0.0007
  6.7409   0.0020   0.0007   0.0007   0.0007
  6.7659   0.0020   0.0007   0.0007   0.0007
  6.7909   0.0020   0.0007   0.0007   0.0007
  6.8159   0.0020   0.0007   0.0007   0.0007
  6.8409   0.0020   0.0007   0.0007   0.0007
  6.8659   0.0020   0.0007   0.0007   0.0007
  6.8909   0.0020   0.0007   0.0007   0.0007
  6.9160   0.0020   0.0007   0.0007   0.0007
  6.9410   0.0020   0.0007   0.0007   0.0007
  6.9660   0.0020   0.0007   0.0007   0.0007
  6.9910   0.0021   0.0007   0.0007   0.0007
  7.0160   0.0021   0.0007   0.0007   0.0007
  7.0410   0.0021   0.0007   0.0007   0.0007
  7.0660   0.0021   0.0007   0.0007   0.0007
  7.0910   0.0021   0.0007   0.0007   0.0007
  7.1161   0.0021   0.0007   0.0007   0.0007
  7.1411   0.0021   0.0007   0.0007   0.0007
  7.1661   0.0021   0.0007   0.0007   0.0007
  7.1911   0.0021   0.0007   0.0007   0.0007
  7.2161   0.0021   0.0007   0.0007   0.0007
  7.2411   0.0021   0.0007   0.0007   0.0007
  7.2661   0.0021   0.0007   0.0007   0.0007
  7.2911   0.0022   0.0007   0.0007   0.0007
  7.3162   0.0022   0.0007   0.0007   0.0007
  7.3412   0.0022   0.0007   0.0007   0.0007
  7.3662   0.0022   0.0007   0.0007   0.0007
  7.3912   0.0022   0.0007   0.0007   0.0007
  7.4162   0.0022   0.0007   0.0007   0.0007
  7.4412   0.0022   0.0007   0.0007   0.0007
  7.4662   0.0022   0.0007   0.0007   0.0007
  7.4912   0.0022   0.0007   0.0007   0.0007
  7.5163   0.0022   0.0007   0.0007   0.0008
  7.5413   0.0023   0.0008   0.0008   0.0008
  7.5663   0.0023   0.0008   0.0008   0.0008
  7.5913   0.0023   0.0008   0.0008   0.0008
  7.6163   0.0023   0.0008   0.0008   0.0008
  7.6413   0.0023   0.0008   0.0008   0.0008
  7.6663   0.0023   0.0008   0.0008   0.0008
  7.6913   0.0023   0.0008   0.0008   0.0008
  7.7164   0.0024   0.0008   0.0008   0.0008
  7.7414   0.0024   0.0008   0.0008   0.0008
  7.7664   0.0024   0.0008   0.0008   0.0008
  7.7914   0.0024   0.0008   0.0008   0.0008
  7.8164   0.0024   0.0008   0.0008   0.0008
  7.8414   0.0024   0.0008   0.0008   0.0008
  7.8664   0.0024   0.0008   0.0008   0.0008
  7.8914   0.0025   0.0008   0.0008   0.0008
  7.9165   0.0025   0.0008   0.0008   0.0008
  7.9415   0.0025   0.0008   0.0008   0.0008
  7.9665   0.0025   0.0008   0.0008   0.0008
  7.9915   0.0025   0.0008   0.0008   0.0009
  8.0165   0.0026   0.0008   0.0008   0.0009
  8.0415   0.0026   0.0009   0.0009   0.0009
  8.0665   0.0026   0.0009   0.0009   0.0009
  8.0915   0.0026   0.0009   0.0009   0.0009
  8.1166   0.0026   0.0009   0.0009   0.0009
  8.1416   0.0026   0.0009   0.0009   0.0009
  8.1666   0.0027   0.0009   0.0009   0.0009
  8.1916   0.0027   0.0009   0.0009   0.0009
  8.2166   0.0027   0.0009   0.0009   0.0009
  8.2416   0.0027   0.0009   0.0009   0.0009
  8.2666   0.0028   0.0009   0.0009   0.0009
  8.2916   0.0028   0.0009   0.0009   0.0009
  8.3167   0.0028   0.0009   0.0009   0.0009
  8.3417   0.0028   0.0009   0.0009   0.0010
  8.3667   0.0029   0.0009   0.0009   0.0010
  8.3917   0.0029   0.0010   0.0010   0.0010
  8.4167   0.0029   0.0010   0.0010   0.0010
  8.4417   0.0029   0.0010   0.0010   0.0010
  8.4667   0.0030   0.0010   0.0010   0.0010
  8.4917   0.0030   0.0010   0.0010   0.0010
  8.5168   0.0030   0.0010   0.0010   0.0010
  8.5418   0.0030   0.0010   0.0010   0.0010
  8.5668   0.0031   0.0010   0.0010   0.0010
  8.5918   0.0031   0.0010   0.0010   0.0011
  8.6168   0.0031   0.0010   0.0010   0.0011
  8.6418   0.0032   0.0011   0.0011   0.0011
  8.6668   0.0032   0.0011   0.0011   0.0011
  8.6918   0.0032   0.0011   0.0011   0.0011
  8.7169   0.0033   0.0011   0.0011   0.0011
  8.7419   0.0033   0.0011   0.0011   0.0011
  8.7669   0.0033   0.0011   0.0011   0.0011
  8.7919   0.0034   0.0011   0.0011   0.0011
  8.8169   0.0034   0.0011   0.0011   0.0012
  8.8419   0.0035   0.0011   0.0011   0.0012
  8.8669   0.0035   0.0012   0.0012   0.0012
  8.8919   0.0035   0.0012   0.0012   0.0012
  8.9170   0.0036   0.0012   0.0012   0.0012
  8.9420   0.0036   0.0012   0.0012   0.0012
  8.9670   0.0037   0.0012   0.0012   0.0012
  8.9920   0.0037   0.0012   0.0012   0.0013
  9.0170   0.0038   0.0012   0.0012   0.0013
  9.0420   0.0038   0.0013   0.0013   0.0013
  9.0670   0.0039   0.0013   0.0013   0.0013
  9.0920   0.0039   0.0013   0.0013   0.0013
  9.1171   0.0040   0.0013   0.0013   0.0013
  9.1421   0.0040   0.0013   0.0013   0.0014
  9.1671   0.0041   0.0013   0.0013   0.0014
  9.1921   0.0041   0.0014   0.0014   0.0014
  9.2171   0.0042   0.0014   0.0014   0.0014
  9.2421   0.0042   0.0014   0.0014   0.0014
  9.2671   0.0043   0.0014   0.0014   0.0015
  9.2921   0.0043   0.0014   0.0014   0.0015
  9.3172   0.0044   0.0015   0.0015   0.0015
  9.3422   0.0045   0.0015   0.0015   0.0015
  9.3672   0.0045   0.0015   0.0015   0.0016
  9.3922   0.0046   0.0015   0.0015   0.0016
  9.4172   0.0047   0.0015   0.0015   0.0016
  9.4422   0.0047   0.0016   0.0016   0.0016
  9.4672   0.0048   0.0016   0.0016   0.0016
  9.4922   0.0049   0.0016   0.0016   0.0017
  9.5173   0.0050   0.0016   0.0016   0.0017
  9.5423   0.0051   0.0017   0.0017   0.0017
  9.5673   0.0051   0.0017   0.0017   0.0018
  9.5923   0.0052   0.0017   0.0017   0.0018
  9.6173   0.0053   0.0017   0.0017   0.0018
  9.6423   0.0054   0.0018   0.0018   0.0019
  9.6673   0.0055   0.0018   0.0018   0.0019
  9.6923   0.0056   0.0018   0.0018   0.0019
  9.7174   0.0057   0.0019   0.0019   0.0020
  9.7424   0.0058   0.0019   0.0019   0.0020
  9.7674   0.0059   0.0019   0.0019   0.0020
  9.7924   0.0060   0.0020   0.0020   0.0021
  9.8174   0.0061   0.0020   0.0020   0.0021
  9.8424   0.0062   0.0020   0.0020   0.0022
  9.8674   0.0063   0.0021   0.0021   0.0022
  9.8924   0.0065   0.0021   0.0021   0.0022
  9.9175   0.0066   0.0022   0.0022   0.0023
  9.9425   0.0067   0.0022   0.0022   0.0023
  9.9675   0.0068   0.0022   0.0022   0.0024
  9.9925   0.0070   0.0023   0.0023   0.0024
 10.0175   0.0071   0.0023   0.0023   0.0025
 10.0425   0.0073   0.0024   0.0024   0.0025
 10.0675   0.0074   0.0024   0.0024   0.0026
 10.0925   0.0076   0.0025   0.0025   0.0027
 10.1176   0.0078   0.0025   0.0025   0.0027
 10.1426   0.0079   0.0026   0.0026   0.0028
 10.1676   0.0081   0.0026   0.0026   0.0028
 10.1926   0.0083   0.0027   0.0027   0.0029
 10.2176   0.0085   0.0028   0.0028   0.0030
 10.2426   0.0087   0.0028   0.0028   0.0031
 10.2676   0.0089   0.0029   0.0029   0.0031
 10.2926   0.0091   0.0029   0.0029   0.0032
 10.3177   0.0093   0.0030   0.0030   0.0033
 10.3427   0.0096   0.0031   0.0031   0.0034
 10.3677   0.0098   0.0032   0.0032   0.0035
 10.3927   0.0101   0.0032   0.0032   0.0036
 10.4177   0.0103   0.0033   0.0033   0.0037
 10.4427   0.0106   0.0034   0.0034   0.0038
 10.4677   0.0109   0.0035   0.0035   0.0039
 10.4927   0.0112   0.0036   0.0036   0.0040
 10.5178   0.0115   0.0037   0.0037   0.0041
 10.5428   0.0119   0.0038   0.0038   0.0043
 10.5678   0.0122   0.0039   0.0039   0.0044
 10.5928   0.0126   0.0040   0.0040   0.0045
 10.6178   0.0129   0.0041   0.0041   0.0047
 10.6428   0.0133   0.0042   0.0042   0.0048
 10.6678   0.0138   0.0044   0.0044   0.0050
 10.6928   0.0142   0.0045   0.0045   0.0052
 10.7179   0.0147   0.0046   0.0046   0.0054
 10.7429   0.0151   0.0048   0.0048   0.0056
 10.7679   0.0157   0.0049   0.0049   0.0058
 10.7929   0.0162   0.0051   0.0051   0.0060
 10.8179   0.0168   0.0053   0.0053   0.0062
 10.8429   0.0174   0.0054   0.0054   0.0065
 10.8679   0.0180   0.0056   0.0056   0.0067
 10.8929   0.0187   0.0058   0.0058   0.0070
 10.9180   0.0194   0.0060   0.0060   0.0073
 10.9430   0.0202   0.0063   0.0063   0.0077
 10.9680   0.0210   0.0065   0.0065   0.0080
 10.9930   0.0219   0.0067   0.0067   0.0084
 11.0180   0.0228   0.0070   0.0070   0.0088
 11.0430   0.0238   0.0073   0.0073   0.0092
 11.0680   0.0249   0.0076   0.0076   0.0097
 11.0930   0.0260   0.0079   0.0079   0.0102
 11.1181   0.0272   0.0082   0.0082   0.0108
 11.1431   0.0285   0.0086   0.0086   0.0114
 11.1681   0.0300   0.0089   0.0089   0.0121
 11.1931   0.0315   0.0093   0.0093   0.0128
 11.2181   0.0332   0.0098   0.0098   0.0136
 11.2431   0.0350   0.0102   0.0102   0.0145
 11.2681   0.0370   0.0107   0.0107   0.0155
 11.2931   0.0392   0.0113   0.0113   0.0166
 11.3182   0.0416   0.0119   0.0119   0.0178
 11.3432   0.0442   0.0125   0.0125   0.0192
 11.3682   0.0471   0.0132   0.0132   0.0207
 11.3932   0.0503   0.0139   0.0139   0.0225
 11.4182   0.0538   0.0147   0.0147   0.0245
 11.4432   0.0578   0.0156   0.0156   0.0267
 11.4682   0.0623   0.0165   0.0165   0.0293
 11.4932   0.0673   0.0175   0.0175   0.0322
 11.5183   0.0729   0.0187   0.0187   0.0355
 11.5433   0.0793   0.0199   0.0199   0.0394
 11.5683   0.0865   0.0213   0.0213   0.0439
 11.5933   0.0947   0.0228   0.0228   0.0490
 11.6183   0.1039   0.0245   0.0245   0.0549
 11.6433   0.1143   0.0264   0.0264   0.0615
 11.6683   0.1259   0.0285   0.0285   0.0688
 11.6933   0.1386   0.0309   0.0309   0.0768
 11.7184   0.1522   0.0336   0.0336   0.0850
 11.7434   0.1662   0.0366   0.0366   0.0930
 11.7684   0.1800   0.0400   0.0400   0.1001
 11.7934   0.1930   0.0439   0.0439   0.1052
 11.8184   0.2046   0.0483   0.0483   0.1079
 11.8434   0.2146   0.0534   0.0534   0.1078
 11.8684   0.2235   0.0593   0.0593   0.1049
 11.8934   0.2322   0.0661   0.0661   0.1001
 11.9185   0.2418   0.0739   0.0739   0.0941
 11.9435   0.2534   0.0829   0.0829   0.0877
 11.9685   0.2680   0.0933   0.0933   0.0815
 11.9935   0.2863   0.1051   0.1051   0.0760
 12.0185   0.3084   0.1186   0.1186   0.0713
 12.0435   0.3345   0.1334   0.1334   0.0676
 12.0685   0.3637   0.1494   0.1494   0.0649
 12.0935   0.3947   0.1658   0.1658   0.0631
 12.1186   0.4252   0.1815   0.1815   0.0623
 12.1436   0.4521   0.1949   0.1949   0.0623
 12.1686   0.4723   0.2045   0.2045   0.0633
 12.1936   0.4833   0.2090   0.2090   0.0652
 12.2186   0.4844   0.2081   0.2081   0.0681
 12.2436   0.4770   0.2025   0.2025   0.0721
 12.2686   0.4641   0.1935   0.1935   0.0771
 12.2936   0.4492   0.1828   0.1828   0.0835
 12.3187   0.4355   0.1722   0.1722   0.0912
 12.3437   0.4255   0.1626   0.1626   0.1004
 12.3687   0.4206   0.1548   0.1548   0.1111
 12.3937   0.4215   0.1490   0.1490   0.1234
 12.4187   0.4278   0.1454   0.1454   0.1370
 12.4437   0.4384   0.1435   0.1435   0.1515
 12.4687   0.4513   0.1428   0.1428   0.1658
 12.4937   0.4634   0.1424   0.1424   0.1786
 12.5188   0.4712   0.1415   0.1415   0.1883
 12.5438   0.4714   0.1390   0.1390   0.1934
 12.5688   0.4617   0.1344   0.1344   0.1929
 12.5938   0.4420   0.1276   0.1276   0.1868
 12.6188   0.4140   0.1190   0.1190   0.1761
 12.6438   0.3808   0.1092   0.1092   0.1623
 12.6688   0.3453   0.0991   0.0991   0.1471
 12.6938   0.3102   0.0892   0.0892   0.1317
 12.7189   0.2771   0.0800   0.0800   0.1171
 12.7439   0.2469   0.0716   0.0716   0.1038
 12.7689   0.2201   0.0641   0.0641   0.0919
 12.7939   0.1964   0.0575   0.0575   0.0815
 12.8189   0.1758   0.0517   0.0517   0.0724
 12.8439   0.1579   0.0467   0.0467   0.0645
 12.8689   0.1423   0.0423   0.0423   0.0577
 12.8939   0.1288   0.0385   0.0385   0.0519
 12.9190   0.1170   0.0351   0.0351   0.0468
 12.9440   0.1066   0.0321   0.0321   0.0423
 12.9690   0.0976   0.0295   0.0295   0.0385
 12.9940   0.0896   0.0272   0.0272   0.0351
 13.0190   0.0825   0.0252   0.0252   0.0321
 13.0440   0.0763   0.0234   0.0234   0.0295
 13.0690   0.0707   0.0217   0.0217   0.0272
 13.0940   0.0657   0.0203   0.0203   0.0251
 13.1191   0.0612   0.0189   0.0189   0.0233
 13.1441   0.0572   0.0177   0.0177   0.0217
 13.1691   0.0535   0.0167   0.0167   0.0202
 13.1941   0.0502   0.0157   0.0157   0.0189
 13.2191   0.0472   0.0148   0.0148   0.0176
 13.2441   0.0445   0.0140   0.0140   0.0166
 13.2691   0.0420   0.0132   0.0132   0.0156
 13.2941   0.0397   0.0125   0.0125   0.0147
 13.3192   0.0376   0.0119   0.0119   0.0138
 13.3442   0.0356   0.0113   0.0113   0.0131
 13.3692   0.0338   0.0107   0.0107   0.0124
 13.3942   0.0322   0.0102   0.0102   0.0117
 13.4192   0.0306   0.0097   0.0097   0.0111
 13.4442   0.0292   0.0093   0.0093   0.0106
 13.4692   0.0279   0.0089   0.0089   0.0101
 13.4942   0.0267   0.0085   0.0085   0.0096
 13.5193   0.0255   0.0082   0.0082   0.0092
 13.5443   0.0244   0.0078   0.0078   0.0088
 13.5693   0.0234   0.0075   0.0075   0.0084
 13.5943   0.0225   0.0072   0.0072   0.0080
 13.6193   0.0216   0.0069   0.0069   0.0077
 13.6443   0.0207   0.0067   0.0067   0.0074
 13.6693   0.0200   0.0064   0.0064   0.0071
 13.6943   0.0192   0.0062   0.0062   0.0068
 13.7194   0.0185   0.0060   0.0060   0.0066
 13.7444   0.0179   0.0058   0.0058   0.0063
 13.7694   0.0172   0.0056   0.0056   0.0061
 13.7944   0.0167   0.0054   0.0054   0.0059
 13.8194   0.0161   0.0052   0.0052   0.0057
 13.8444   0.0156   0.0050   0.0050   0.0055
 13.8694   0.0151   0.0049   0.0049   0.0053
 13.8944   0.0146   0.0047   0.0047   0.0051
 13.9195   0.0141   0.0046   0.0046   0.0049
 13.9445   0.0137   0.0045   0.0045   0.0048
 13.9695   0.0133   0.0043   0.0043   0.0046
 13.9945   0.0129   0.0042   0.0042   0.0045
 14.0195   0.0125   0.0041   0.0041   0.0044
 14.0445   0.0122   0.0040   0.0040   0.0042
 14.0695   0.0118   0.0039   0.0039   0.0041
 14.0945   0.0115   0.0038   0.0038   0.0040
 14.1196   0.0112   0.0037   0.0037   0.0039
 14.1446   0.0109   0.0036   0.0036   0.0038
 14.1696   0.0106   0.0035   0.0035   0.0037
 14.1946   0.0103   0.0034   0.0034   0.0036
 14.2196   0.0101   0.0033   0.0033   0.0035
 14.2446   0.0098   0.0032   0.0032   0.0034
 14.2696   0.0096   0.0031   0.0031   0.0033
 14.2946   0.0093   0.0031   0.0031   0.0032
 14.3197   0.0091   0.0030   0.0030   0.0031
 14.3447   0.0089   0.0029   0.0029   0.0031
 14.3697   0.0087   0.0028   0.0028   0.0030
 14.3947   0.0085   0.0028   0.0028   0.0029
 14.4197   0.0083   0.0027   0.0027   0.0028
 14.4447   0.0081   0.0027   0.0027   0.0028
 14.4697   0.0079   0.0026   0.0026   0.0027
 14.4947   0.0078   0.0026   0.0026   0.0027
 14.5198   0.0076   0.0025   0.0025   0.0026
 14.5448   0.0074   0.0024   0.0024   0.0025
 14.5698   0.0073   0.0024   0.0024   0.0025
 14.5948   0.0071   0.0023   0.0023   0.0024
 14.6198   0.0070   0.0023   0.0023   0.0024
 14.6448   0.0069   0.0023   0.0023   0.0023
 14.6698   0.0067   0.0022   0.0022   0.0023
 14.6948   0.0066   0.0022   0.0022   0.0022
 14.7199   0.0065   0.0021   0.0021   0.0022
 14.7449   0.0063   0.0021   0.0021   0.0022
 14.7699   0.0062   0.0021   0.0021   0.0021
 14.7949   0.0061   0.0020   0.0020   0.0021
 14.8199   0.0060   0.0020   0.0020   0.0020
 14.8449   0.0059   0.0019   0.0019   0.0020
 14.8699   0.0058   0.0019   0.0019   0.0020
 14.8949   0.0057   0.0019   0.0019   0.0019
 14.9200   0.0056   0.0019   0.0019   0.0019
 14.9450   0.0055   0.0018   0.0018   0.0019
 14.9700   0.0054   0.0018   0.0018   0.0018
 14.9950   0.0053   0.0018   0.0018   0.0018
 15.0200   0.0053   0.0017   0.0017   0.0018
 15.0450   0.0052   0.0017   0.0017   0.0018
 15.0700   0.0051   0.0017   0.0017   0.0017
 15.0950   0.0050   0.0017   0.0017   0.0017
 15.1201   0.0050   0.0016   0.0016   0.0017
 15.1451   0.0049   0.0016   0.0016   0.0016
 15.1701   0.0048   0.0016   0.0016   0.0016
 15.1951   0.0048   0.0016   0.0016   0.0016
 15.2201   0.0047   0.0016   0.0016   0.0016
 15.2451   0.0046   0.0015   0.0015   0.0016
 15.2701   0.0046   0.0015   0.0015   0.0015
 15.2951   0.0045   0.0015   0.0015   0.0015
 15.3202   0.0045   0.0015   0.0015   0.0015
 15.3452   0.0044   0.0015   0.0015   0.0015
 15.3702   0.0044   0.0015   0.0015   0.0015
 15.3952   0.0043   0.0014   0.0014   0.0014
 15.4202   0.0043   0.0014   0.0014   0.0014
 15.4452   0.0042   0.0014   0.0014   0.0014
 15.4702   0.0042   0.0014   0.0014   0.0014
 15.4952   0.0041   0.0014   0.0014   0.0014
 15.5203   0.0041   0.0014   0.0014   0.0014
 15.5453   0.0041   0.0014   0.0014   0.0014
 15.5703   0.0040   0.0013   0.0013   0.0013
 15.5953   0.0040   0.0013   0.0013   0.0013
 15.6203   0.0040   0.0013   0.0013   0.0013
 15.6453   0.0040   0.0013   0.0013   0.0013
 15.6703   0.0039   0.0013   0.0013   0.0013
 15.6953   0.0039   0.0013   0.0013   0.0013
 15.7204   0.0039   0.0013   0.0013   0.0013
 15.7454   0.0039   0.0013   0.0013   0.0013
 15.7704   0.0039   0.0013   0.0013   0.0013
 15.7954   0.0038   0.0013   0.0013   0.0013
 15.8204   0.0038   0.0013   0.0013   0.0013
 15.8454   0.0038   0.0013   0.0013   0.0013
 15.8704   0.0038   0.0013   0.0013   0.0013
 15.8954   0.0038   0.0013   0.0013   0.0013
 15.9205   0.0038   0.0013   0.0013   0.0012
 15.9455   0.0038   0.0013   0.0013   0.0012
 15.9705   0.0038   0.0013   0.0013   0.0013
 15.9955   0.0039   0.0013   0.0013   0.0013
 16.0205   0.0039   0.0013   0.0013   0.0013
 16.0455   0.0039   0.0013   0.0013   0.0013
 16.0705   0.0039   0.0013   0.0013   0.0013
 16.0955   0.0040   0.0013   0.0013   0.0013
 16.1206   0.0040   0.0014   0.0014   0.0013
 16.1456   0.0041   0.0014   0.0014   0.0013
 16.1706   0.0041   0.0014   0.0014   0.0013
 16.1956   0.0042   0.0014   0.0014   0.0013
 16.2206   0.0042   0.0014   0.0014   0.0013
 16.2456   0.0043   0.0015   0.0015   0.0014
 16.2706   0.0044   0.0015   0.0015   0.0014
 16.2956   0.0045   0.0015   0.0015   0.0014
 16.3207   0.0046   0.0016   0.0016   0.0014
 16.3457   0.0048   0.0016   0.0016   0.0015
 16.3707   0.0049   0.0017   0.0017   0.0015
 16.3957   0.0051   0.0018   0.0018   0.0016
 16.4207   0.0053   0.0018   0.0018   0.0016
 16.4457   0.0055   0.0019   0.0019   0.0017
 16.4707   0.0057   0.0020   0.0020   0.0017
 16.4957   0.0060   0.0021   0.0021   0.0018
 16.5208   0.0063   0.0022   0.0022   0.0019
 16.5458   0.0067   0.0024   0.0024   0.0020
 16.5708   0.0071   0.0025   0.0025   0.0021
 16.5958   0.0076   0.0027   0.0027   0.0022
 16.6208   0.0082   0.0029   0.0029   0.0024
 16.6458   0.0088   0.0031   0.0031   0.0025
 16.6708   0.0095   0.0034   0.0034   0.0027
 16.6958   0.0104   0.0037   0.0037   0.0029
 16.7209   0.0114   0.0041   0.0041   0.0032
 16.7459   0.0125   0.0045   0.0045   0.0035
 16.7709   0.0138   0.0050   0.0050   0.0038
 16.7959   0.0152   0.0056   0.0056   0.0041
 16.8209   0.0168   0.0062   0.0062   0.0044
 16.8459   0.0184   0.0068   0.0068   0.0047
 16.8709   0.0200   0.0075   0.0075   0.0050
 16.8959   0.0215   0.0081   0.0081   0.0053
 16.9210   0.0228   0.0086   0.0086   0.0056
 16.9460   0.0238   0.0090   0.0090   0.0058
 16.9710   0.0245   0.0092   0.0092   0.0061
 16.9960   0.0249   0.0092   0.0092   0.0064
 17.0210   0.0251   0.0091   0.0091   0.0068
 17.0460   0.0251   0.0089   0.0089   0.0072
 17.0710   0.0251   0.0087   0.0087   0.0077
 17.0960   0.0251   0.0085   0.0085   0.0082
 17.1211   0.0251   0.0082   0.0082   0.0086
 17.1461   0.0248   0.0079   0.0079   0.0089
 17.1711   0.0243   0.0076   0.0076   0.0091
 17.1961   0.0234   0.0072   0.0072   0.0090
 17.2211   0.0222   0.0068   0.0068   0.0086
 17.2461   0.0207   0.0063   0.0063   0.0081
 17.2711   0.0190   0.0058   0.0058   0.0075
 17.2961   0.0173   0.0052   0.0052   0.0068
 17.3212   0.0156   0.0047   0.0047   0.0061
 17.3462   0.0141   0.0043   0.0043   0.0055
 17.3712   0.0127   0.0039   0.0039   0.0049
 17.3962   0.0114   0.0035   0.0035   0.0044
 17.4212   0.0103   0.0032   0.0032   0.0040
 17.4462   0.0094   0.0029   0.0029   0.0036
 17.4712   0.0086   0.0027   0.0027   0.0032
 17.4962   0.0078   0.0024   0.0024   0.0029
 17.5213   0.0072   0.0023   0.0023   0.0027
 17.5463   0.0067   0.0021   0.0021   0.0025
 17.5713   0.0062   0.0019   0.0019   0.0023
 17.5963   0.0058   0.0018   0.0018   0.0021
 17.6213   0.0054   0.0017   0.0017   0.0020
 17.6463   0.0050   0.0016   0.0016   0.0018
 17.6713   0.0047   0.0015   0.0015   0.0017
 17.6963   0.0045   0.0014   0.0014   0.0016
 17.7214   0.0042   0.0014   0.0014   0.0015
 17.7464   0.0040   0.0013   0.0013   0.0014
 17.7714   0.0038   0.0012   0.0012   0.0014
 17.7964   0.0037   0.0012   0.0012   0.0013
 17.8214   0.0035   0.0011   0.0011   0.0012
 17.8464   0.0034   0.0011   0.0011   0.0012
 17.8714   0.0032   0.0010   0.0010   0.0011
 17.8964   0.0031   0.0010   0.0010   0.0011
 17.9215   0.0030   0.0010   0.0010   0.0010
 17.9465   0.0029   0.0009   0.0009   0.0010
 17.9715   0.0028   0.0009   0.0009   0.0010
 17.9965   0.0027   0.0009   0.0009   0.0009
 18.0215   0.0026   0.0009   0.0009   0.0009
 18.0465   0.0025   0.0008   0.0008   0.0009
 18.0715   0.0025   0.0008   0.0008   0.0008
 18.0965   0.0024   0.0008   0.0008   0.0008
 18.1216   0.0023   0.0008   0.0008   0.0008
 18.1466   0.0023   0.0007   0.0007   0.0008
 18.1716   0.0022   0.0007   0.0007   0.0008
 18.1966   0.0022   0.0007   0.0007   0.0007
 18.2216   0.0021   0.0007   0.0007   0.0007
 18.2466   0.0021   0.0007   0.0007   0.0007
 18.2716   0.0020   0.0007   0.0007   0.0007
 18.2966   0.0020   0.0007   0.0007   0.0007
 18.3217   0.0019   0.0006   0.0006   0.0007
 18.3467   0.0019   0.0006   0.0006   0.0006
 18.3717   0.0019   0.0006   0.0006   0.0006
 18.3967   0.0018   0.0006   0.0006   0.0006
 18.4217   0.0018   0.0006   0.0006   0.0006
 18.4467   0.0018   0.0006   0.0006   0.0006
 18.4717   0.0017   0.0006   0.0006   0.0006
 18.4967   0.0017   0.0006   0.0006   0.0006
 18.5218   0.0017   0.0006   0.0006   0.0006
 18.5468   0.0016   0.0005   0.0005   0.0006
 18.5718   0.0016   0.0005   0.0005   0.0005
 18.5968   0.0016   0.0005   0.0005   0.0005
 18.6218   0.0016   0.0005   0.0005   0.0005
 18.6468   0.0015   0.0005   0.0005   0.0005
 18.6718   0.0015   0.0005   0.0005   0.0005
 18.6968   0.0015   0.0005   0.0005   0.0005
 18.7219   0.0015   0.0005   0.0005   0.0005
 18.7469   0.0015   0.0005   0.0005   0.0005
 18.7719   0.0014   0.0005   0.0005   0.0005
 18.7969   0.0014   0.0005   0.0005   0.0005
 18.8219   0.0014   0.0005   0.0005   0.0005
 18.8469   0.0014   0.0005   0.0005   0.0005
 18.8719   0.0014   0.0005   0.0005   0.0005
 18.8969   0.0014   0.0004   0.0004   0.0005
 18.9220   0.0013   0.0004   0.0004   0.0004
 18.9470   0.0013   0.0004   0.0004   0.0004
 18.9720   0.0013   0.0004   0.0004   0.0004
 18.9970   0.0013   0.0004   0.0004   0.0004
 19.0220   0.0013   0.0004   0.0004   0.0004
 19.0470   0.0013   0.0004   0.0004   0.0004
 19.0720   0.0012   0.0004   0.0004   0.0004
 19.0970   0.0012   0.0004   0.0004   0.0004
 19.1221   0.0012   0.0004   0.0004   0.0004
 19.1471   0.0012   0.0004   0.0004   0.0004
 19.1721   0.0012   0.0004   0.0004   0.0004
 19.1971   0.0012   0.0004   0.0004   0.0004
 19.2221   0.0012   0.0004   0.0004   0.0004
 19.2471   0.0012   0.0004   0.0004   0.0004
 19.2721   0.0011   0.0004   0.0004   0.0004
 19.2971   0.0011   0.0004   0.0004   0.0004
 19.3222   0.0011   0.0004   0.0004   0.0004
 19.3472   0.0011   0.0004   0.0004   0.0004
 19.3722   0.0011   0.0004   0.0004   0.0004
 19.3972   0.0011   0.0004   0.0004   0.0004
 19.4222   0.0011   0.0004   0.0004   0.0004
 19.4472   0.0011   0.0004   0.0004   0.0004
 19.4722   0.0011   0.0004   0.0004   0.0004
 19.4972   0.0011   0.0004   0.0004   0.0004
 19.5223   0.0010   0.0003   0.0003   0.0003
 19.5473   0.0010   0.0003   0.0003   0.0003
 19.5723   0.0010   0.0003   0.0003   0.0003
 19.5973   0.0010   0.0003   0.0003   0.0003
 19.6223   0.0010   0.0003   0.0003   0.0003
 19.6473   0.0010   0.0003   0.0003   0.0003
 19.6723   0.0010   0.0003   0.0003   0.0003
 19.6973   0.0010   0.0003   0.0003   0.0003
 19.7224   0.0010   0.0003   0.0003   0.0003
 19.7474   0.0010   0.0003   0.0003   0.0003
 19.7724   0.0010   0.0003   0.0003   0.0003
 19.7974   0.0010   0.0003   0.0003   0.0003
 19.8224   0.0009   0.0003   0.0003   0.0003
 19.8474   0.0009   0.0003   0.0003   0.0003
 19.8724   0.0009   0.0003   0.0003   0.0003
 19.8974   0.0009   0.0003   0.0003   0.0003
 19.9225   0.0009   0.0003   0.0003   0.0003
 19.9475   0.0009   0.0003   0.0003   0.0003
 19.9725   0.0009   0.0003   0.0003   0.0003
 19.9975   0.0009   0.0003   0.0003   0.0003
 20.0225   0.0009   0.0003   0.0003   0.0003
 20.0475   0.0009   0.0003   0.0003   0.0003
 20.0725   0.0009   0.0003   0.0003   0.0003
 20.0975   0.0009   0.0003   0.0003   0.0003
 20.1226   0.0009   0.0003   0.0003   0.0003
 20.1476   0.0009   0.0003   0.0003   0.0003
 20.1726   0.0009   0.0003   0.0003   0.0003
 20.1976   0.0008   0.0003   0.0003   0.0003
 20.2226   0.0008   0.0003   0.0003   0.0003
 20.2476   0.0008   0.0003   0.0003   0.0003
 20.2726   0.0008   0.0003   0.0003   0.0003
 20.2976   0.0008   0.0003   0.0003   0.0003
 20.3227   0.0008   0.0003   0.0003   0.0003
 20.3477   0.0008   0.0003   0.0003   0.0003
 20.3727   0.0008   0.0003   0.0003   0.0003
 20.3977   0.0008   0.0003   0.0003   0.0003
 20.4227   0.0008   0.0003   0.0003   0.0003
 20.4477   0.0008   0.0003   0.0003   0.0003
 20.4727   0.0008   0.0003   0.0003   0.0003
 20.4977   0.0008   0.0003   0.0003   0.0003
 20.5228   0.0008   0.0003   0.0003   0.0003
 20.5478   0.0008   0.0003   0.0003   0.0003
 20.5728   0.0008   0.0003   0.0003   0.0003
 20.5978   0.0008   0.0003   0.0003   0.0003
 20.6228   0.0008   0.0003   0.0003   0.0003
 20.6478   0.0008   0.0003   0.0003   0.0003
 20.6728   0.0008   0.0002   0.0002   0.0003
 20.6978   0.0007   0.0002   0.0002   0.0002
 20.7229   0.0007   0.0002   0.0002   0.0002
 20.7479   0.0007   0.0002   0.0002   0.0002
 20.7729   0.0007   0.0002   0.0002   0.0002
 20.7979   0.0007   0.0002   0.0002   0.0002
 20.8229   0.0007   0.0002   0.0002   0.0002
 20.8479   0.0007   0.0002   0.0002   0.0002
 20.8729   0.0007   0.0002   0.0002   0.0002
 20.8979   0.0007   0.0002   0.0002   0.0002
 20.9230   0.0007   0.0002   0.0002   0.0002
 20.9480   0.0007   0.0002   0.0002   0.0002
 20.9730   0.0007   0.0002   0.0002   0.0002
 20.9980   0.0007   0.0002   0.0002   0.0002
 21.0230   0.0007   0.0002   0.0002   0.0002
 21.0480   0.0007   0.0002   0.0002   0.0002
 21.0730   0.0007   0.0002   0.0002   0.0002
 21.0980   0.0007   0.0002   0.0002   0.0002
 21.1231   0.0007   0.0002   0.0002   0.0002
 21.1481   0.0007   0.0002   0.0002   0.0002
 21.1731   0.0007   0.0002   0.0002   0.0002
 21.1981   0.0007   0.0002   0.0002   0.0002
 21.2231   0.0007   0.0002   0.0002   0.0002
 21.2481   0.0007   0.0002   0.0002   0.0002
 21.2731   0.0007   0.0002   0.0002   0.0002
 21.2981   0.0007   0.0002   0.0002   0.0002
 21.3232   0.0006   0.0002   0.0002   0.0002
 21.3482   0.0006   0.0002   0.0002   0.0002
 21.3732   0.0006   0.0002   0.0002   0.0002
 21.3982   0.0006   0.0002   0.0002   0.0002
 21.4232   0.0006   0.0002   0.0002   0.0002
 21.4482   0.0006   0.0002   0.0002   0.0002
 21.4732   0.0006   0.0002   0.0002   0.0002
 21.4982   0.0006   0.0002   0.0002   0.0002
 21.5233   0.0006   0.0002   0.0002   0.0002
 21.5483   0.0006   0.0002   0.0002   0.0002
 21.5733   0.0006   0.0002   0.0002   0.0002
 21.5983   0.0006   0.0002   0.0002   0.0002
 21.6233   0.0006   0.0002   0.0002   0.0002
 21.6483   0.0006   0.0002   0.0002   0.0002
 21.6733   0.0006   0.0002   0.0002   0.0002
 21.6983   0.0006   0.0002   0.0002   0.0002
 21.7234   0.0006   0.0002   0.0002   0.0002
 21.7484   0.0006   0.0002   0.0002   0.0002
 21.7734   0.0006   0.0002   0.0002   0.0002
 21.7984   0.0006   0.0002   0.0002   0.0002
 21.8234   0.0006   0.0002   0.0002   0.0002
 21.8484   0.0006   0.0002   0.0002   0.0002
 21.8734   0.0006   0.0002   0.0002   0.0002
 21.8984   0.0006   0.0002   0.0002   0.0002
 21.9235   0.0006   0.0002   0.0002   0.0002
 21.9485   0.0006   0.0002   0.0002   0.0002
 21.9735   0.0006   0.0002   0.0002   0.0002
 21.9985   0.0006   0.0002   0.0002   0.0002
 22.0235   0.0006   0.0002   0.0002   0.0002
 22.0485   0.0006   0.0002   0.0002   0.0002
 22.0735   0.0006   0.0002   0.0002   0.0002
 22.0985   0.0006   0.0002   0.0002   0.0002
 22.1236   0.0006   0.0002   0.0002   0.0002
 22.1486   0.0005   0.0002   0.0002   0.0002
 22.1736   0.0005   0.0002   0.0002   0.0002
 22.1986   0.0005   0.0002   0.0002   0.0002
 22.2236   0.0005   0.0002   0.0002   0.0002
 22.2486   0.0005   0.0002   0.0002   0.0002
 22.2736   0.0005   0.0002   0.0002   0.0002
 22.2986   0.0005   0.0002   0.0002   0.0002
 22.3237   0.0005   0.0002   0.0002   0.0002
 22.3487   0.0005   0.0002   0.0002   0.0002
 22.3737   0.0005   0.0002   0.0002   0.0002
 22.3987   0.0005   0.0002   0.0002   0.0002
 22.4237   0.0005   0.0002   0.0002   0.0002
 22.4487   0.0005   0.0002   0.0002   0.0002
 22.4737   0.0005   0.0002   0.0002   0.0002
 22.4987   0.0005   0.0002   0.0002   0.0002
 22.5238   0.0005   0.0002   0.0002   0.0002
 22.5488   0.0005   0.0002   0.0002   0.0002
 22.5738   0.0005   0.0002   0.0002   0.0002
 22.5988   0.0005   0.0002   0.0002   0.0002
 22.6238   0.0005   0.0002   0.0002   0.0002
 22.6488   0.0005   0.0002   0.0002   0.0002
 22.6738   0.0005   0.0002   0.0002   0.0002
 22.6988   0.0005   0.0002   0.0002   0.0002
 22.7239   0.0005   0.0002   0.0002   0.0002
 22.7489   0.0005   0.0002   0.0002   0.0002
 22.7739   0.0005   0.0002   0.0002   0.0002
 22.7989   0.0005   0.0002   0.0002   0.0002
 22.8239   0.0005   0.0002   0.0002   0.0002
 22.8489   0.0005   0.0002   0.0002   0.0002
 22.8739   0.0005   0.0002   0.0002   0.0002
 22.8989   0.0005   0.0002   0.0002   0.0002
 22.9240   0.0005   0.0002   0.0002   0.0002
 22.9490   0.0005   0.0002   0.0002   0.0002
 22.9740   0.0005   0.0002   0.0002   0.0002
 22.9990   0.0005   0.0002   0.0002   0.0002
 23.0240   0.0005   0.0002   0.0002   0.0002
 23.0490   0.0005   0.0002   0.0002   0.0002
 23.0740   0.0005   0.0002   0.0002   0.0002
 23.0990   0.0005   0.0002   0.0002   0.0002
 23.1241   0.0005   0.0002   0.0002   0.0002
 23.1491   0.0005   0.0002   0.0002   0.0002
 23.1741   0.0005   0.0002   0.0002   0.0002
 23.1991   0.0005   0.0002   0.0002   0.0002
 23.2241   0.0005   0.0002   0.0002   0.0002
 23.2491   0.0005   0.0002   0.0002   0.0002
 23.2741   0.0005   0.0002   0.0002   0.0002
 23.2991   0.0005   0.0002   0.0002   0.0002
 23.3242   0.0005   0.0002   0.0002   0.0002
 23.3492   0.0004   0.0001   0.0001   0.0001
 23.3742   0.0004   0.0001   0.0001   0.0001
 23.3992   0.0004   0.0001   0.0001   0.0001
 23.4242   0.0004   0.0001   0.0001   0.0001
 23.4492   0.0004   0.0001   0.0001   0.0001
 23.4742   0.0004   0.0001   0.0001   0.0001
 23.4992   0.0004   0.0001   0.0001   0.0001
 23.5243   0.0004   0.0001   0.0001   0.0001
 23.5493   0.0004   0.0001   0.0001   0.0001
 23.5743   0.0004   0.0001   0.0001   0.0001
 23.5993   0.0004   0.0001   0.0001   0.0001
 23.6243   0.0004   0.0001   0.0001   0.0001
 23.6493   0.0004   0.0001   0.0001   0.0001
 23.6743   0.0004   0.0001   0.0001   0.0001
 23.6993   0.0004   0.0001   0.0001   0.0001
 23.7244   0.0004   0.0001   0.0001   0.0001
 23.7494   0.0004   0.0001   0.0001   0.0001
 23.7744   0.0004   0.0001   0.0001   0.0001
 23.7994   0.0004   0.0001   0.0001   0.0001
 23.8244   0.0004   0.0001   0.0001   0.0001
 23.8494   0.0004   0.0001   0.0001   0.0001
 23.8744   0.0004   0.0001   0.0001   0.0001
 23.8994   0.0004   0.0001   0.0001   0.0001
 23.9245   0.0004   0.0001   0.0001   0.0001
 23.9495   0.0004   0.0001   0.0001   0.0001
 23.9745   0.0004   0.0001   0.0001   0.0001
 23.9995   0.0004   0.0001   0.0001   0.0001
 24.0245   0.0004   0.0001   0.0001   0.0001
 24.0495   0.0004   0.0001   0.0001   0.0001
 24.0745   0.0004   0.0001   0.0001   0.0001
 24.0995   0.0004   0.0001   0.0001   0.0001
 24.1246   0.0004   0.0001   0.0001   0.0001
 24.1496   0.0004   0.0001   0.0001   0.0001
 24.1746   0.0004   0.0001   0.0001   0.0001
 24.1996   0.0004   0.0001   0.0001   0.0001
 24.2246   0.0004   0.0001   0.0001   0.0001
 24.2496   0.0004   0.0001   0.0001   0.0001
 24.2746   0.0004   0.0001   0.0001   0.0001
 24.2996   0.0004   0.0001   0.0001   0.0001
 24.3247   0.0004   0.0001   0.0001   0.0001
 24.3497   0.0004   0.0001   0.0001   0.0001
 24.3747   0.0004   0.0001   0.0001   0.0001
 24.3997   0.0004   0.0001   0.0001   0.0001
 24.4247   0.0004   0.0001   0.0001   0.0001
 24.4497   0.0004   0.0001   0.0001   0.0001
 24.4747   0.0004   0.0001   0.0001   0.0001
 24.4997   0.0004   0.0001   0.0001   0.0001
 24.5248   0.0004   0.0001   0.0001   0.0001
 24.5498   0.0004   0.0001   0.0001   0.0001
 24.5748   0.0004   0.0001   0.0001   0.0001
 24.5998   0.0004   0.0001   0.0001   0.0001
 24.6248   0.0004   0.0001   0.0001   0.0001
 24.6498   0.0004   0.0001   0.0001   0.0001
 24.6748   0.0004   0.0001   0.0001   0.0001
 24.6998   0.0004   0.0001   0.0001   0.0001
 24.7249   0.0004   0.0001   0.0001   0.0001
 24.7499   0.0004   0.0001   0.0001   0.0001
 24.7749   0.0004   0.0001   0.0001   0.0001
 24.7999   0.0004   0.0001   0.0001   0.0001
 24.8249   0.0004   0.0001   0.0001   0.0001
 24.8499   0.0004   0.0001   0.0001   0.0001
 24.8749   0.0004   0.0001   0.0001   0.0001
 24.8999   0.0004   0.0001   0.0001   0.0001
 24.9250   0.0004   0.0001   0.0001   0.0001
 24.9500   0.0004   0.0001   0.0001   0.0001
 24.9750   0.0004   0.0001   0.0001   0.0001
 25.0000   0.0004   0.0001   0.0001   0.0001
